station	year	DOY	TMIN °C	TMAX °C	PREC (mm)	Global rad (MJ m-2)	Pot evapotranspiration (mm)
46	1	1	-2.4	2.3	8.5	0.25	0
46	1	2	-2	5.1	0	0.23	0
46	1	3	-1.8	2.1	4.8	0.23	0
46	1	4	-6	3.1	0	0.19	0
46	1	5	-14.4	-8.5	0	1.3	0.08
46	1	6	-20.1	-12.2	0	1.2	0.05
46	1	7	0.4	4	1.7	0.24	0
46	1	8	0.7	1.3	6.3	0.3	0
46	1	9	-15.4	-9.5	2.2	0.29	0
46	1	10	-11.8	-3.7	0	0.93	0.05
46	1	11	-11.5	-5	0	0.95	0.05
46	1	12	-8.7	-6.8	0	0.33	0
46	1	13	-11.8	-3.4	0	0.28	0
46	1	14	-10.5	-1.9	0	0.21	0
46	1	15	-4.8	1.6	0	0.34	0
46	1	16	-0.7	0.5	8.4	0.31	0
46	1	17	-8.6	-5.6	3.5	0.37	0
46	1	18	-8	-3.5	6.7	0.42	0
46	1	19	-6.6	-0.4	0	1.3	0.11
46	1	20	-10.8	-2.1	0	0.3	0
46	1	21	-4.6	1.5	0	0.27	0
46	1	22	-1.2	4.1	0.3	0.36	0
46	1	23	-9.3	-5.7	0	1.93	0.16
46	1	24	-13.2	-8	0	0.4	0
46	1	25	-4.7	1.5	0	3.2	0.38
46	1	26	-5.7	1.8	0	1.02	0.08
46	1	27	-11.4	-6.8	0	3.16	0.27
46	1	28	-14.9	-7.8	0	0.95	0.05
46	1	29	-9.1	-2.8	0	0.44	0
46	1	30	-13.4	-6.4	0	2.13	0.16
46	1	31	-9.5	-2.5	0	1.14	0.08
46	1	32	-6.7	-1.6	0	0.5	0.01
46	1	33	-10.4	-5.6	0	3.46	0.31
46	1	34	-10.7	-9.4	0	4.14	0.35
46	1	35	-3	1.2	0	3.08	0.37
46	1	36	-6.8	-2.5	0	3.07	0.32
46	1	37	-5.3	-2.4	4.2	0.48	0.01
46	1	38	-9	-6.8	0	2.08	0.17
46	1	39	-8	-4.4	2.4	0.72	0.03
46	1	40	-10.6	-9.4	0	1	0.05
46	1	41	-12.6	-5.8	0	1.1	0.07
46	1	42	-9	-6.6	0	0.72	0.03
46	1	43	-13.6	-10.3	0	0.59	0.01
46	1	44	-22.2	-8.6	0	2.13	0.12
46	1	45	-11.1	-6.4	0	0.8	0.04
46	1	46	-10.6	-5.1	0.9	0.72	0.03
46	1	47	-0.3	6.9	0	2.33	0.31
46	1	48	1.6	2.7	8.1	1.88	0.23
46	1	49	-16.4	-8.4	0	1.7	0.1
46	1	50	-16.2	-9.5	0	1.63	0.1
46	1	51	-5.5	1.4	0	0.98	0.08
46	1	52	-5.1	-1.3	2.2	0.67	0.03
46	1	53	-11.3	-7.3	0	4.98	0.44
46	1	54	-10.9	-3.1	6.1	5.34	0.53
46	1	55	-1.4	2.3	0.6	2.43	0.3
46	1	56	-4.3	-0.4	1.9	0.98	0.07
46	1	57	-2.7	0.9	1.4	3.39	0.42
46	1	58	-1	-0.3	0.5	1.06	0.09
46	1	59	-5.3	-0.2	0	2.53	0.28
46	1	60	-7.9	4	0	5.22	0.65
46	1	61	-2.3	5	0	5.88	0.83
46	1	62	-1.7	8.2	0	7.15	1.1
46	1	63	-7.7	-2.8	0	8.48	0.94
46	1	64	-7.5	0.2	0	8.83	1.05
46	1	65	-10.1	-0.1	0	2.12	0.2
46	1	66	-13.2	-2.6	0	1.33	0.09
46	1	67	-4.7	4.2	0	7.09	0.96
46	1	68	0.2	5.2	0	9.77	1.5
46	1	69	-9.9	-7.2	0	3.81	0.34
46	1	70	-14.3	-0.1	0	8	0.81
46	1	71	-3.6	3.3	0	7.46	1.02
46	1	72	-3.3	1.9	0	5.02	0.65
46	1	73	-0.6	3.4	0	9.66	1.42
46	1	74	3	6.4	0	5.42	0.86
46	1	75	3	4.5	0.1	8.65	1.37
46	1	76	1.7	2.6	0.4	4.97	0.72
46	1	77	5.6	9	0.3	1.42	0.19
46	1	78	0.5	6.3	0	9.61	1.51
46	1	79	-5.6	0.3	4	1.41	0.13
46	1	80	-0.3	0.4	0.8	6.59	0.9
46	1	81	-1.6	4	0.8	9.76	1.42
46	1	82	-1.9	7.8	0	10.9	1.69
46	1	83	-6.3	4.2	0	8.99	1.2
46	1	84	-2.9	3.8	0	12.79	1.83
46	1	85	-1.8	3.2	0	13.49	1.95
46	1	86	-1.4	5.3	0	9.8	1.47
46	1	87	-6.8	4.4	0	7.8	1.02
46	1	88	-5.6	6.7	0	7.16	1
46	1	89	-2.6	6.3	0	2.99	0.4
46	1	90	-4.3	5.2	0	12.32	1.76
46	1	91	-0.4	6.2	0	13.26	2.07
46	1	92	-2.5	5.6	0	7.24	1.05
46	1	93	-1.6	4.6	0	7.8	1.13
46	1	94	-0.7	2.9	0	12.88	1.88
46	1	95	1	7.7	0	12.05	1.97
46	1	96	-0.8	6	0	2.33	0.31
46	1	97	-0.5	4.7	0	13.91	2.12
46	1	98	3.4	7.3	0	11.82	1.99
46	1	99	-12.8	7.8	0	13.4	1.71
46	1	100	-0.1	4.9	0	17.19	2.66
46	1	101	0.6	10.6	0	2.8	0.42
46	1	102	3.8	8.3	17.1	2.13	0.31
46	1	103	5.3	7.9	4.3	9.81	1.71
46	1	104	6.2	7.5	0	11.38	2
46	1	105	2.2	11.4	0	14.86	2.64
46	1	106	2.4	8.5	0	17.05	2.92
46	1	107	1.6	8.4	4.6	3.47	0.53
46	1	108	1.7	6.5	7.6	3.13	0.46
46	1	109	1.4	7.7	8.4	2.85	0.41
46	1	110	0.9	6.7	22.8	2.94	0.42
46	1	111	4	8.6	0.3	3.54	0.56
46	1	112	7	9.7	4	13.33	2.47
46	1	113	0.8	9.8	0	14.16	2.4
46	1	114	2.3	13	0	17.62	3.22
46	1	115	3.7	10.5	0	2.87	0.45
46	1	116	6.9	10.8	0	17.08	3.23
46	1	117	4.3	10.7	0	15.57	2.83
46	1	118	3	11.9	0	18.64	3.4
46	1	119	5.8	12.9	0	3.2	0.55
46	1	120	6.9	13.4	0	4.15	0.75
46	1	121	6.1	14.7	0	11.8	2.29
46	1	122	8.4	11.4	0.7	3.93	0.7
46	1	123	6.3	10.2	4.7	3.46	0.58
46	1	124	5.3	15.4	0	19.72	3.89
46	1	125	1.9	17	0	14.25	2.72
46	1	126	2.4	16.8	0	20.74	4.01
46	1	127	5.3	14.3	0.2	13.88	2.67
46	1	128	5.1	15.9	5.5	21.53	4.27
46	1	129	4.9	18	0	11.5	2.29
46	1	130	3.9	20.7	0	19.14	3.96
46	1	131	4.7	18	0	20.42	4.13
46	1	132	5.5	19.2	0	4.61	0.89
46	1	133	6.9	23.3	0	23.35	5.16
46	1	134	7.9	17.8	2.7	9.24	1.89
46	1	135	5.5	16.7	0	13.22	2.63
46	1	136	8.2	16.8	0	18.91	3.93
46	1	137	10.2	23	8.5	10.14	2.26
46	1	138	8.5	18.1	5.4	3.9	0.75
46	1	139	4.3	17.9	0	6.25	1.2
46	1	140	5.7	13.4	2.5	17.58	3.39
46	1	141	4.1	16.1	0	20.08	3.93
46	1	142	5.6	14.7	5.8	9.19	1.76
46	1	143	8.5	19.2	0.1	3.94	0.77
46	1	144	7.3	21.3	0	7.7	1.61
46	1	145	8.8	19.6	0	10.62	2.25
46	1	146	7.2	19.5	0	22.15	4.71
46	1	147	8.7	19.8	0	23.04	5
46	1	148	10.7	16.4	0	21.3	4.55
46	1	149	7	21.8	0	5.7	1.17
46	1	150	8.6	17.4	0.5	11.58	2.4
46	1	151	7.8	17.7	0	14.1	2.92
46	1	152	4	13.9	1.6	13.79	2.6
46	1	153	12	24.3	1	9.21	2.1
46	1	154	11.3	29	0	27.14	6.61
46	1	155	9.8	18.4	0.3	27.49	5.96
46	1	156	9.5	20.6	1.7	12.67	2.75
46	1	157	10.3	19.2	6.9	10.12	2.17
46	1	158	9.5	20	1.6	18.4	4.02
46	1	159	11.6	28.4	0	23.01	5.57
46	1	160	10.3	25.8	0	25.89	6.07
46	1	161	7.8	17.4	0.7	19.24	4.01
46	1	162	8.6	10.4	6.9	26.78	5.19
46	1	163	10.6	18.5	9	18.52	4.03
46	1	164	10.6	21.1	0.1	12.94	2.86
46	1	165	8.1	18.1	18.8	7.7	1.57
46	1	166	10.5	18.2	0	15.13	3.26
46	1	167	11.3	18.6	0.9	14.44	3.15
46	1	168	14.7	20.4	0	25.2	5.85
46	1	169	11.3	22.5	0	26.7	6.13
46	1	170	10.4	19.7	10	6.88	1.45
46	1	171	11.5	23.2	0	15.23	3.49
46	1	172	9.9	24.8	0	24.69	5.71
46	1	173	14.8	26	0	25.69	6.28
46	1	174	12.4	25.7	0	28.13	6.72
46	1	175	9.8	18.9	1.7	13.08	2.81
46	1	176	11.9	17.7	11.3	8.26	1.75
46	1	177	10.2	19	7.7	27.68	6.07
46	1	178	5.1	20.7	2	23.64	4.98
46	1	179	13.3	19.4	0.7	11.88	2.65
46	1	180	11.8	18.6	1.4	12.77	2.79
46	1	181	12.6	22.4	3.2	18.78	4.33
46	1	182	12.4	24.1	0	10.61	2.44
46	1	183	15.9	23.7	0	21.96	5.3
46	1	184	11.5	26.3	0	6.81	1.55
46	1	185	9.6	18.8	7.9	17.61	3.79
46	1	186	9.6	18.7	3.2	18.51	3.99
46	1	187	12.4	20.5	7.3	22.07	5.01
46	1	188	13.5	22.4	0	24.89	5.82
46	1	189	12.4	21	0	27.26	6.24
46	1	190	13.4	19.7	7.7	20.84	4.73
46	1	191	10.1	16.5	7.1	17.34	3.66
46	1	192	10.5	18	8.7	20.81	4.5
46	1	193	11.5	19.8	6.1	16.27	3.61
46	1	194	6.7	24.9	0	22.99	5.15
46	1	195	10.9	21.4	0	20.81	4.69
46	1	196	14	15.9	8	4.27	0.86
46	1	197	13.6	20.8	12.2	15.57	3.56
46	1	198	11.7	19.9	0.9	4.22	0.87
46	1	199	12.3	25.7	0	24.25	5.78
46	1	200	14.1	28.2	0	22.52	5.56
46	1	201	12.2	23	1.2	24.38	5.66
46	1	202	16	20.5	2.2	18.54	4.33
46	1	203	12.5	24.6	0	25.64	6.07
46	1	204	14.4	22.3	0	21.91	5.15
46	1	205	16.9	26.1	0	22.51	5.58
46	1	206	16.2	26.5	0	24.64	6.11
46	1	207	11.7	23.9	0	18.71	4.34
46	1	208	13.8	25.2	0	24.26	5.83
46	1	209	17	24.5	0	24.84	6.11
46	1	210	12.8	26.1	0	23.85	5.73
46	1	211	12.2	25.7	0	18.15	4.3
46	1	212	9.1	23.1	0	20.19	4.54
46	1	213	9.8	22.6	0	22.69	5.12
46	1	214	12.5	25.7	0	21.69	5.17
46	1	215	13	26.4	0	20.85	5.02
46	1	216	13.2	19.6	1.2	5.31	1.13
46	1	217	9.3	19	12.6	9.53	2.01
46	1	218	9.3	22.2	0	20.28	4.53
46	1	219	9.6	21.9	0	14.93	3.31
46	1	220	9.9	19.1	7.1	11.83	2.54
46	1	221	10.7	19.4	4.2	13.37	2.91
46	1	222	10.9	19.9	5.6	4.07	0.83
46	1	223	10.6	17.6	0	15.09	3.23
46	1	224	10.3	16	0	15.18	3.18
46	1	225	10.4	19.4	1.6	3.16	0.62
46	1	226	10.3	21.6	0	11.7	2.58
46	1	227	8.2	18.3	0	19.14	4.05
46	1	228	9.6	17.9	0	17.22	3.67
46	1	229	9.5	16.6	0.2	12.65	2.63
46	1	230	10.3	15.7	2.7	4.82	0.95
46	1	231	12.4	19.3	0	17.99	4.02
46	1	232	13.8	27	0	21.11	5.14
46	1	233	8.7	19.1	1.3	5.56	1.13
46	1	234	9.3	20.7	0	19.89	4.37
46	1	235	10.8	21.6	0	14.62	3.27
46	1	236	10.4	21.2	0	15.62	3.47
46	1	237	8.3	17.5	15.6	2.69	0.49
46	1	238	9.9	17.8	4.4	3.85	0.75
46	1	239	9.2	24.1	0	15.65	3.54
46	1	240	8.6	22.7	0	16.84	3.74
46	1	241	11	19.6	0	3.05	0.59
46	1	242	13.2	18.3	5.3	4.83	1.01
46	1	243	10.4	18	0.2	15.09	3.24
46	1	244	10.1	18.7	9.3	7.73	1.62
46	1	245	13.2	16.7	0	2.6	0.49
46	1	246	12.1	14.2	3.4	13	2.71
46	1	247	5.9	19.4	0	5.77	1.14
46	1	248	3.8	16.3	0.6	10.5	2.01
46	1	249	5.4	17.3	0	14.27	2.86
46	1	250	10.2	18.6	2.8	4.7	0.95
46	1	251	10.6	20.3	0	10.22	2.22
46	1	252	10.5	19.8	0	9.41	2.02
46	1	253	6	17.6	0	11.69	2.36
46	1	254	2.5	16.2	0	10.97	2.07
46	1	255	7.4	12.6	0.2	12.18	2.35
46	1	256	7.7	10.5	0.5	2.23	0.35
46	1	257	9.9	13.9	0.2	7.47	1.48
46	1	258	5.7	14.7	0	12.26	2.38
46	1	259	5.9	15.8	0	8.58	1.67
46	1	260	8.3	14	27.6	7.54	1.47
46	1	261	5.7	14.1	8.4	7.81	1.47
46	1	262	6.2	15.3	0	2.69	0.46
46	1	263	8.1	15.3	1.6	1.98	0.33
46	1	264	12.2	13.4	0	9.62	1.97
46	1	265	10.1	18.7	0	5.19	1.06
46	1	266	8.2	17.5	0	11.23	2.32
46	1	267	7.6	15	0	8.9	1.75
46	1	268	9.9	21.2	0	2.16	0.4
46	1	269	8.5	14.2	2.9	2.85	0.5
46	1	270	6.8	13.7	2.1	7.28	1.38
46	1	271	6	11.5	0	6.7	1.21
46	1	272	8.6	12.6	0	5.07	0.95
46	1	273	2.7	9.7	10.5	4.72	0.77
46	1	274	2.3	11.9	0	4.64	0.78
46	1	275	4.4	12.3	19	4.16	0.71
46	1	276	6.3	9.7	1.7	9.15	1.65
46	1	277	5.2	11.6	0	4.51	0.78
46	1	278	6.1	9.9	0	7.14	1.27
46	1	279	7.1	17.2	0	7.07	1.4
46	1	280	6	12.1	3.2	1.2	0.15
46	1	281	6.8	10.6	1.9	0.97	0.11
46	1	282	4.8	12.3	3.1	0.9	0.09
46	1	283	5.5	12.2	1.9	3.74	0.64
46	1	284	4.2	9.1	5.2	0.94	0.1
46	1	285	6.4	12.2	0.1	1.77	0.27
46	1	286	3.7	9.2	7.8	6.07	1.02
46	1	287	4.2	10.5	0	3.92	0.65
46	1	288	2.5	14.3	0	1.44	0.2
46	1	289	3.9	12.7	0	0.83	0.08
46	1	290	3.3	14	0	1.62	0.23
46	1	291	5.4	11.7	7.1	0.89	0.09
46	1	292	3.2	10.1	1.9	5.49	0.92
46	1	293	-0.8	7.5	0	1.05	0.1
46	1	294	-3.8	6.7	0	5.83	0.83
46	1	295	5.4	10.9	4.6	1.01	0.11
46	1	296	0.8	10.3	0	1.13	0.13
46	1	297	3.1	9.8	0	2.03	0.29
46	1	298	5.6	7.4	0	4.97	0.82
46	1	299	0.9	7.9	0	4.99	0.78
46	1	300	3.2	7.2	0	4.75	0.75
46	1	301	1.4	4.5	0	0.88	0.07
46	1	302	-1.6	-0.2	0	1.79	0.19
46	1	303	-0.9	5.4	0	0.7	0.04
46	1	304	0.1	1.3	0	1.45	0.15
46	1	305	0.4	4.8	1.2	0.7	0.05
46	1	306	-6.1	4.3	4.8	0.71	0.04
46	1	307	-0.7	5.1	0.4	0.66	0.04
46	1	308	-0.1	0.9	2	1.29	0.13
46	1	309	7.3	10.1	6.8	0.5	0.02
46	1	310	7	14.3	4.4	0.58	0.03
46	1	311	7.8	9.7	0.3	0.61	0.04
46	1	312	5.4	11.6	2.7	0.44	0
46	1	313	1.6	5.9	0.7	0.52	0.02
46	1	314	-1.7	3.8	0	2.39	0.3
46	1	315	2	5.9	0	1.61	0.2
46	1	316	1.2	7	0	0.43	0
46	1	317	1.4	2.8	0	0.43	0
46	1	318	2.7	3.8	0	0.37	0
46	1	319	-2.6	-0.2	0	1.95	0.21
46	1	320	-9.8	-0.5	0	1.67	0.15
46	1	321	-3.1	0	0	1.07	0.09
46	1	322	-0.9	-0.5	0	0.31	0
46	1	323	0.8	5.8	0	1.58	0.19
46	1	324	0.6	3.8	0.5	0.41	0
46	1	325	-0.4	1.7	0.3	0.77	0.05
46	1	326	-2.2	3.4	2.5	2.09	0.25
46	1	327	5	12.6	0	0.99	0.11
46	1	328	6.5	7.5	0	0.38	0
46	1	329	-1.1	2.8	0	0.31	0
46	1	330	-2.9	0.8	0	0.29	0
46	1	331	2	4	2.7	0.29	0
46	1	332	-1.2	3.3	6.2	1.54	0.17
46	1	333	-0.7	1.8	0	0.33	0
46	1	334	-2.5	3.2	1.5	0.26	0
46	1	335	-1.5	2.4	0	0.28	0
46	1	336	-3.4	5.3	0	0.65	0.04
46	1	337	0.3	4.9	0.5	0.2	0
46	1	338	1.7	7.1	0	0.62	0.03
46	1	339	0.1	2.8	0	1	0.09
46	1	340	-2	5	0	0.25	0
46	1	341	-0.9	2.6	0.6	0.74	0.05
46	1	342	1.8	3	0	0.4	0
46	1	343	-0.3	2.1	0	0.17	0
46	1	344	2.3	3.7	15.8	0.16	0
46	1	345	-7.8	-2.6	0	0.23	0
46	1	346	-5.2	-2.2	0	1.09	0.08
46	1	347	-3.1	0.7	0	0.16	0
46	1	348	-2.7	5.2	0	0.77	0.05
46	1	349	-4.7	0.8	0	0.17	0
46	1	350	-3.8	0.7	0.8	1.06	0.09
46	1	351	-8.9	-1.8	2.4	0.16	0
46	1	352	-4.7	-0.1	0.4	0.17	0
46	1	353	4.1	6	0.2	0.16	0
46	1	354	1.4	2.5	0.8	0.53	0.02
46	1	355	-2.8	1.2	1.6	0.16	0
46	1	356	-4.5	0.4	0	0.16	0
46	1	357	3.4	4.1	10.2	0.16	0
46	1	358	5.3	7.4	0	0.17	0
46	1	359	-1.1	1.6	0.4	0.17	0
46	1	360	-0.2	-0.1	0	0.2	0
46	1	361	-1.5	3	0	0.25	0
46	1	362	-4.4	3.2	0	0.17	0
46	1	363	-8.2	-3.3	0	0.84	0.05
46	1	364	-5.9	-5.2	0.4	0.2	0
46	1	365	-3.9	-0.5	0.9	0.22	0
46	2	1	-7.4	2.3	8.5	0.25	0
46	2	2	-7	5.1	0	0.23	0
46	2	3	-6.8	2.1	4.8	0.23	0
46	2	4	-11	3.1	0	0.19	0
46	2	5	-19.4	-8.5	0	1.3	0.08
46	2	6	-25.1	-12.2	0	1.2	0.05
46	2	7	-4.6	4	1.7	0.24	0
46	2	8	-4.3	1.3	6.3	0.3	0
46	2	9	-20.4	-9.5	2.2	0.29	0
46	2	10	-16.8	-3.7	0	0.93	0.05
46	2	11	-16.5	-5	0	0.95	0.05
46	2	12	-13.7	-6.8	0	0.33	0
46	2	13	-16.8	-3.4	0	0.28	0
46	2	14	-15.5	-1.9	0	0.21	0
46	2	15	-9.8	1.6	0	0.34	0
46	2	16	-5.7	0.5	8.4	0.31	0
46	2	17	-13.6	-5.6	3.5	0.37	0
46	2	18	-13	-3.5	6.7	0.42	0
46	2	19	-11.6	-0.4	0	1.3	0.11
46	2	20	-15.8	-2.1	0	0.3	0
46	2	21	-9.6	1.5	0	0.27	0
46	2	22	-6.2	4.1	0.3	0.36	0
46	2	23	-14.3	-5.7	0	1.93	0.16
46	2	24	-18.2	-8	0	0.4	0
46	2	25	-9.7	1.5	0	3.2	0.38
46	2	26	-10.7	1.8	0	1.02	0.08
46	2	27	-16.4	-6.8	0	3.16	0.27
46	2	28	-19.9	-7.8	0	0.95	0.05
46	2	29	-14.1	-2.8	0	0.44	0
46	2	30	-18.4	-6.4	0	2.13	0.16
46	2	31	-14.5	-2.5	0	1.14	0.08
46	2	32	-11.7	-1.6	0	0.5	0.01
46	2	33	-15.4	-5.6	0	3.46	0.31
46	2	34	-15.7	-9.4	0	4.14	0.35
46	2	35	-8	1.2	0	3.08	0.37
46	2	36	-11.8	-2.5	0	3.07	0.32
46	2	37	-10.3	-2.4	4.2	0.48	0.01
46	2	38	-14	-6.8	0	2.08	0.17
46	2	39	-13	-4.4	2.4	0.72	0.03
46	2	40	-15.6	-9.4	0	1	0.05
46	2	41	-17.6	-5.8	0	1.1	0.07
46	2	42	-14	-6.6	0	0.72	0.03
46	2	43	-18.6	-10.3	0	0.59	0.01
46	2	44	-27.2	-8.6	0	2.13	0.12
46	2	45	-16.1	-6.4	0	0.8	0.04
46	2	46	-15.6	-5.1	0.9	0.72	0.03
46	2	47	-5.3	6.9	0	2.33	0.31
46	2	48	-3.4	2.7	8.1	1.88	0.23
46	2	49	-21.4	-8.4	0	1.7	0.1
46	2	50	-21.2	-9.5	0	1.63	0.1
46	2	51	-10.5	1.4	0	0.98	0.08
46	2	52	-10.1	-1.3	2.2	0.67	0.03
46	2	53	-16.3	-7.3	0	4.98	0.44
46	2	54	-15.9	-3.1	6.1	5.34	0.53
46	2	55	-6.4	2.3	0.6	2.43	0.3
46	2	56	-9.3	-0.4	1.9	0.98	0.07
46	2	57	-7.7	0.9	1.4	3.39	0.42
46	2	58	-6	-0.3	0.5	1.06	0.09
46	2	59	-10.3	-0.2	0	2.53	0.28
46	2	60	-12.9	4	0	5.22	0.65
46	2	61	-7.3	5	0	5.88	0.83
46	2	62	-6.7	8.2	0	7.15	1.1
46	2	63	-12.7	-2.8	0	8.48	0.94
46	2	64	-12.5	0.2	0	8.83	1.05
46	2	65	-15.1	-0.1	0	2.12	0.2
46	2	66	-18.2	-2.6	0	1.33	0.09
46	2	67	-9.7	4.2	0	7.09	0.96
46	2	68	-4.8	5.2	0	9.77	1.5
46	2	69	-14.9	-7.2	0	3.81	0.34
46	2	70	-19.3	-0.1	0	8	0.81
46	2	71	-8.6	3.3	0	7.46	1.02
46	2	72	-8.3	1.9	0	5.02	0.65
46	2	73	-5.6	3.4	0	9.66	1.42
46	2	74	-2	6.4	0	5.42	0.86
46	2	75	-2	4.5	0.1	8.65	1.37
46	2	76	-3.3	2.6	0.4	4.97	0.72
46	2	77	0.6	9	0.3	1.42	0.19
46	2	78	-4.5	6.3	0	9.61	1.51
46	2	79	-10.6	0.3	4	1.41	0.13
46	2	80	-5.3	0.4	0.8	6.59	0.9
46	2	81	-6.6	4	0.8	9.76	1.42
46	2	82	-6.9	7.8	0	10.9	1.69
46	2	83	-11.3	4.2	0	8.99	1.2
46	2	84	-7.9	3.8	0	12.79	1.83
46	2	85	-6.8	3.2	0	13.49	1.95
46	2	86	-6.4	5.3	0	9.8	1.47
46	2	87	-11.8	4.4	0	7.8	1.02
46	2	88	-10.6	6.7	0	7.16	1
46	2	89	-7.6	6.3	0	2.99	0.4
46	2	90	-9.3	5.2	0	12.32	1.76
46	2	91	-5.4	6.2	0	13.26	2.07
46	2	92	-7.5	5.6	0	7.24	1.05
46	2	93	-6.6	4.6	0	7.8	1.13
46	2	94	-5.7	2.9	0	12.88	1.88
46	2	95	-4	7.7	0	12.05	1.97
46	2	96	-5.8	6	0	2.33	0.31
46	2	97	-5.5	4.7	0	13.91	2.12
46	2	98	-1.6	7.3	0	11.82	1.99
46	2	99	-17.8	7.8	0	13.4	1.71
46	2	100	-5.1	4.9	0	17.19	2.66
46	2	101	-4.4	10.6	0	2.8	0.42
46	2	102	-1.2	8.3	17.1	2.13	0.31
46	2	103	0.3	7.9	4.3	9.81	1.71
46	2	104	1.2	7.5	0	11.38	2
46	2	105	-2.8	11.4	0	14.86	2.64
46	2	106	-2.6	8.5	0	17.05	2.92
46	2	107	-3.4	8.4	4.6	3.47	0.53
46	2	108	-3.3	6.5	7.6	3.13	0.46
46	2	109	-3.6	7.7	8.4	2.85	0.41
46	2	110	-4.1	6.7	22.8	2.94	0.42
46	2	111	-1	8.6	0.3	3.54	0.56
46	2	112	2	9.7	4	13.33	2.47
46	2	113	-4.2	9.8	0	14.16	2.4
46	2	114	-2.7	13	0	17.62	3.22
46	2	115	-1.3	10.5	0	2.87	0.45
46	2	116	1.9	10.8	0	17.08	3.23
46	2	117	-0.7	10.7	0	15.57	2.83
46	2	118	-2	11.9	0	18.64	3.4
46	2	119	0.8	12.9	0	3.2	0.55
46	2	120	1.9	13.4	0	4.15	0.75
46	2	121	1.1	14.7	0	11.8	2.29
46	2	122	3.4	11.4	0.7	3.93	0.7
46	2	123	1.3	10.2	4.7	3.46	0.58
46	2	124	0.3	15.4	0	19.72	3.89
46	2	125	-3.1	17	0	14.25	2.72
46	2	126	-2.6	16.8	0	20.74	4.01
46	2	127	0.3	14.3	0.2	13.88	2.67
46	2	128	0.1	15.9	5.5	21.53	4.27
46	2	129	-0.1	18	0	11.5	2.29
46	2	130	-1.1	20.7	0	19.14	3.96
46	2	131	-0.3	18	0	20.42	4.13
46	2	132	0.5	19.2	0	4.61	0.89
46	2	133	1.9	23.3	0	23.35	5.16
46	2	134	2.9	17.8	2.7	9.24	1.89
46	2	135	0.5	16.7	0	13.22	2.63
46	2	136	3.2	16.8	0	18.91	3.93
46	2	137	5.2	23	8.5	10.14	2.26
46	2	138	3.5	18.1	5.4	3.9	0.75
46	2	139	-0.7	17.9	0	6.25	1.2
46	2	140	0.7	13.4	2.5	17.58	3.39
46	2	141	-0.9	16.1	0	20.08	3.93
46	2	142	0.6	14.7	5.8	9.19	1.76
46	2	143	3.5	19.2	0.1	3.94	0.77
46	2	144	2.3	21.3	0	7.7	1.61
46	2	145	3.8	19.6	0	10.62	2.25
46	2	146	2.2	19.5	0	22.15	4.71
46	2	147	3.7	19.8	0	23.04	5
46	2	148	5.7	16.4	0	21.3	4.55
46	2	149	2	21.8	0	5.7	1.17
46	2	150	3.6	17.4	0.5	11.58	2.4
46	2	151	2.8	17.7	0	14.1	2.92
46	2	152	-1	13.9	1.6	13.79	2.6
46	2	153	7	24.3	1	9.21	2.1
46	2	154	6.3	29	0	27.14	6.61
46	2	155	4.8	18.4	0.3	27.49	5.96
46	2	156	4.5	20.6	1.7	12.67	2.75
46	2	157	5.3	19.2	6.9	10.12	2.17
46	2	158	4.5	20	1.6	18.4	4.02
46	2	159	6.6	28.4	0	23.01	5.57
46	2	160	5.3	25.8	0	25.89	6.07
46	2	161	2.8	17.4	0.7	19.24	4.01
46	2	162	3.6	10.4	6.9	26.78	5.19
46	2	163	5.6	18.5	9	18.52	4.03
46	2	164	5.6	21.1	0.1	12.94	2.86
46	2	165	3.1	18.1	18.8	7.7	1.57
46	2	166	5.5	18.2	0	15.13	3.26
46	2	167	6.3	18.6	0.9	14.44	3.15
46	2	168	9.7	20.4	0	25.2	5.85
46	2	169	6.3	22.5	0	26.7	6.13
46	2	170	5.4	19.7	10	6.88	1.45
46	2	171	6.5	23.2	0	15.23	3.49
46	2	172	4.9	24.8	0	24.69	5.71
46	2	173	9.8	26	0	25.69	6.28
46	2	174	7.4	25.7	0	28.13	6.72
46	2	175	4.8	18.9	1.7	13.08	2.81
46	2	176	6.9	17.7	11.3	8.26	1.75
46	2	177	5.2	19	7.7	27.68	6.07
46	2	178	0.1	20.7	2	23.64	4.98
46	2	179	8.3	19.4	0.7	11.88	2.65
46	2	180	6.8	18.6	1.4	12.77	2.79
46	2	181	7.6	22.4	3.2	18.78	4.33
46	2	182	7.4	24.1	0	10.61	2.44
46	2	183	10.9	23.7	0	21.96	5.3
46	2	184	6.5	26.3	0	6.81	1.55
46	2	185	4.6	18.8	7.9	17.61	3.79
46	2	186	4.6	18.7	3.2	18.51	3.99
46	2	187	7.4	20.5	7.3	22.07	5.01
46	2	188	8.5	22.4	0	24.89	5.82
46	2	189	7.4	21	0	27.26	6.24
46	2	190	8.4	19.7	7.7	20.84	4.73
46	2	191	5.1	16.5	7.1	17.34	3.66
46	2	192	5.5	18	8.7	20.81	4.5
46	2	193	6.5	19.8	6.1	16.27	3.61
46	2	194	1.7	24.9	0	22.99	5.15
46	2	195	5.9	21.4	0	20.81	4.69
46	2	196	9	15.9	8	4.27	0.86
46	2	197	8.6	20.8	12.2	15.57	3.56
46	2	198	6.7	19.9	0.9	4.22	0.87
46	2	199	7.3	25.7	0	24.25	5.78
46	2	200	9.1	28.2	0	22.52	5.56
46	2	201	7.2	23	1.2	24.38	5.66
46	2	202	11	20.5	2.2	18.54	4.33
46	2	203	7.5	24.6	0	25.64	6.07
46	2	204	9.4	22.3	0	21.91	5.15
46	2	205	11.9	26.1	0	22.51	5.58
46	2	206	11.2	26.5	0	24.64	6.11
46	2	207	6.7	23.9	0	18.71	4.34
46	2	208	8.8	25.2	0	24.26	5.83
46	2	209	12	24.5	0	24.84	6.11
46	2	210	7.8	26.1	0	23.85	5.73
46	2	211	7.2	25.7	0	18.15	4.3
46	2	212	4.1	23.1	0	20.19	4.54
46	2	213	4.8	22.6	0	22.69	5.12
46	2	214	7.5	25.7	0	21.69	5.17
46	2	215	8	26.4	0	20.85	5.02
46	2	216	8.2	19.6	1.2	5.31	1.13
46	2	217	4.3	19	12.6	9.53	2.01
46	2	218	4.3	22.2	0	20.28	4.53
46	2	219	4.6	21.9	0	14.93	3.31
46	2	220	4.9	19.1	7.1	11.83	2.54
46	2	221	5.7	19.4	4.2	13.37	2.91
46	2	222	5.9	19.9	5.6	4.07	0.83
46	2	223	5.6	17.6	0	15.09	3.23
46	2	224	5.3	16	0	15.18	3.18
46	2	225	5.4	19.4	1.6	3.16	0.62
46	2	226	5.3	21.6	0	11.7	2.58
46	2	227	3.2	18.3	0	19.14	4.05
46	2	228	4.6	17.9	0	17.22	3.67
46	2	229	4.5	16.6	0.2	12.65	2.63
46	2	230	5.3	15.7	2.7	4.82	0.95
46	2	231	7.4	19.3	0	17.99	4.02
46	2	232	8.8	27	0	21.11	5.14
46	2	233	3.7	19.1	1.3	5.56	1.13
46	2	234	4.3	20.7	0	19.89	4.37
46	2	235	5.8	21.6	0	14.62	3.27
46	2	236	5.4	21.2	0	15.62	3.47
46	2	237	3.3	17.5	15.6	2.69	0.49
46	2	238	4.9	17.8	4.4	3.85	0.75
46	2	239	4.2	24.1	0	15.65	3.54
46	2	240	3.6	22.7	0	16.84	3.74
46	2	241	6	19.6	0	3.05	0.59
46	2	242	8.2	18.3	5.3	4.83	1.01
46	2	243	5.4	18	0.2	15.09	3.24
46	2	244	5.1	18.7	9.3	7.73	1.62
46	2	245	8.2	16.7	0	2.6	0.49
46	2	246	7.1	14.2	3.4	13	2.71
46	2	247	0.9	19.4	0	5.77	1.14
46	2	248	-1.2	16.3	0.6	10.5	2.01
46	2	249	0.4	17.3	0	14.27	2.86
46	2	250	5.2	18.6	2.8	4.7	0.95
46	2	251	5.6	20.3	0	10.22	2.22
46	2	252	5.5	19.8	0	9.41	2.02
46	2	253	1	17.6	0	11.69	2.36
46	2	254	-2.5	16.2	0	10.97	2.07
46	2	255	2.4	12.6	0.2	12.18	2.35
46	2	256	2.7	10.5	0.5	2.23	0.35
46	2	257	4.9	13.9	0.2	7.47	1.48
46	2	258	0.7	14.7	0	12.26	2.38
46	2	259	0.9	15.8	0	8.58	1.67
46	2	260	3.3	14	27.6	7.54	1.47
46	2	261	0.7	14.1	8.4	7.81	1.47
46	2	262	1.2	15.3	0	2.69	0.46
46	2	263	3.1	15.3	1.6	1.98	0.33
46	2	264	7.2	13.4	0	9.62	1.97
46	2	265	5.1	18.7	0	5.19	1.06
46	2	266	3.2	17.5	0	11.23	2.32
46	2	267	2.6	15	0	8.9	1.75
46	2	268	4.9	21.2	0	2.16	0.4
46	2	269	3.5	14.2	2.9	2.85	0.5
46	2	270	1.8	13.7	2.1	7.28	1.38
46	2	271	1	11.5	0	6.7	1.21
46	2	272	3.6	12.6	0	5.07	0.95
46	2	273	-2.3	9.7	10.5	4.72	0.77
46	2	274	-2.7	11.9	0	4.64	0.78
46	2	275	-0.6	12.3	19	4.16	0.71
46	2	276	1.3	9.7	1.7	9.15	1.65
46	2	277	0.2	11.6	0	4.51	0.78
46	2	278	1.1	9.9	0	7.14	1.27
46	2	279	2.1	17.2	0	7.07	1.4
46	2	280	1	12.1	3.2	1.2	0.15
46	2	281	1.8	10.6	1.9	0.97	0.11
46	2	282	-0.2	12.3	3.1	0.9	0.09
46	2	283	0.5	12.2	1.9	3.74	0.64
46	2	284	-0.8	9.1	5.2	0.94	0.1
46	2	285	1.4	12.2	0.1	1.77	0.27
46	2	286	-1.3	9.2	7.8	6.07	1.02
46	2	287	-0.8	10.5	0	3.92	0.65
46	2	288	-2.5	14.3	0	1.44	0.2
46	2	289	-1.1	12.7	0	0.83	0.08
46	2	290	-1.7	14	0	1.62	0.23
46	2	291	0.4	11.7	7.1	0.89	0.09
46	2	292	-1.8	10.1	1.9	5.49	0.92
46	2	293	-5.8	7.5	0	1.05	0.1
46	2	294	-8.8	6.7	0	5.83	0.83
46	2	295	0.4	10.9	4.6	1.01	0.11
46	2	296	-4.2	10.3	0	1.13	0.13
46	2	297	-1.9	9.8	0	2.03	0.29
46	2	298	0.6	7.4	0	4.97	0.82
46	2	299	-4.1	7.9	0	4.99	0.78
46	2	300	-1.8	7.2	0	4.75	0.75
46	2	301	-3.6	4.5	0	0.88	0.07
46	2	302	-6.6	-0.2	0	1.79	0.19
46	2	303	-5.9	5.4	0	0.7	0.04
46	2	304	-4.9	1.3	0	1.45	0.15
46	2	305	-4.6	4.8	1.2	0.7	0.05
46	2	306	-11.1	4.3	4.8	0.71	0.04
46	2	307	-5.7	5.1	0.4	0.66	0.04
46	2	308	-5.1	0.9	2	1.29	0.13
46	2	309	2.3	10.1	6.8	0.5	0.02
46	2	310	2	14.3	4.4	0.58	0.03
46	2	311	2.8	9.7	0.3	0.61	0.04
46	2	312	0.4	11.6	2.7	0.44	0
46	2	313	-3.4	5.9	0.7	0.52	0.02
46	2	314	-6.7	3.8	0	2.39	0.3
46	2	315	-3	5.9	0	1.61	0.2
46	2	316	-3.8	7	0	0.43	0
46	2	317	-3.6	2.8	0	0.43	0
46	2	318	-2.3	3.8	0	0.37	0
46	2	319	-7.6	-0.2	0	1.95	0.21
46	2	320	-14.8	-0.5	0	1.67	0.15
46	2	321	-8.1	0	0	1.07	0.09
46	2	322	-5.9	-0.5	0	0.31	0
46	2	323	-4.2	5.8	0	1.58	0.19
46	2	324	-4.4	3.8	0.5	0.41	0
46	2	325	-5.4	1.7	0.3	0.77	0.05
46	2	326	-7.2	3.4	2.5	2.09	0.25
46	2	327	0	12.6	0	0.99	0.11
46	2	328	1.5	7.5	0	0.38	0
46	2	329	-6.1	2.8	0	0.31	0
46	2	330	-7.9	0.8	0	0.29	0
46	2	331	-3	4	2.7	0.29	0
46	2	332	-6.2	3.3	6.2	1.54	0.17
46	2	333	-5.7	1.8	0	0.33	0
46	2	334	-7.5	3.2	1.5	0.26	0
46	2	335	-6.5	2.4	0	0.28	0
46	2	336	-8.4	5.3	0	0.65	0.04
46	2	337	-4.7	4.9	0.5	0.2	0
46	2	338	-3.3	7.1	0	0.62	0.03
46	2	339	-4.9	2.8	0	1	0.09
46	2	340	-7	5	0	0.25	0
46	2	341	-5.9	2.6	0.6	0.74	0.05
46	2	342	-3.2	3	0	0.4	0
46	2	343	-5.3	2.1	0	0.17	0
46	2	344	-2.7	3.7	15.8	0.16	0
46	2	345	-12.8	-2.6	0	0.23	0
46	2	346	-10.2	-2.2	0	1.09	0.08
46	2	347	-8.1	0.7	0	0.16	0
46	2	348	-7.7	5.2	0	0.77	0.05
46	2	349	-9.7	0.8	0	0.17	0
46	2	350	-8.8	0.7	0.8	1.06	0.09
46	2	351	-13.9	-1.8	2.4	0.16	0
46	2	352	-9.7	-0.1	0.4	0.17	0
46	2	353	-0.9	6	0.2	0.16	0
46	2	354	-3.6	2.5	0.8	0.53	0.02
46	2	355	-7.8	1.2	1.6	0.16	0
46	2	356	-9.5	0.4	0	0.16	0
46	2	357	-1.6	4.1	10.2	0.16	0
46	2	358	0.3	7.4	0	0.17	0
46	2	359	-6.1	1.6	0.4	0.17	0
46	2	360	-5.2	-0.1	0	0.2	0
46	2	361	-6.5	3	0	0.25	0
46	2	362	-9.4	3.2	0	0.17	0
46	2	363	-13.2	-3.3	0	0.84	0.05
46	2	364	-10.9	-5.2	0.4	0.2	0
46	2	365	-8.9	-0.5	0.9	0.22	0
