CLVI	3.0	14.7	20.
CRESI	1.0	6.0	10.
CRTI	20.0	200.6	 500.0
LAII	0.1	0.15	1.0
TILVI	1000.	3000.	6000.
CLAIV	0.1	0.26	1
COCRESMX	0.85	0.90	0.95
FSLAMIN	0.4	0.5	0.9
K	0.3035195	0.4	1.214078
LAICR	1.897845	5.0	7.59138
LAIEFT	0.0527635	0.13	0.211054
LAITIL	0.2832275	0.567	1.13291
LFWIDV	0.002459375	0.004	0.0098375
PHY	31.5266	55.	126.1064
RDRSCO	0.03561235	0.07	0.1424494
RDRSMX	0.005	0.03	0.06
RDRTEM	0.000512865	0.0015	0.00205146
RUBISC	2.6	4.5	11.5606
SHAPE	0.2694535	0.35	1
SLAMAX	0.01	0.042	0.16
TBASE	0.01	0.5	7
TCRES	0.94493	3.0	3.77972
TRANCO	4	6	16
YG	0.65	0.78	0.9
DAYLB	0.269832	0.439664	0.5			
CLITT0	0.8 1 1.2
CSOM0	8 10 12
CNLITT0 27 34 41
CNSOMF0 20 25 30
CNSOMS0 20 25 30
FCSOMF0	0.144 0.18 0.216
NMIN0	0.001 0.005 0.2
NC      0.032 0.042 0.048
KNMIN	0.0008 0.0012 0.002
KNUPT	0.0008 0.0012 0.002
FLITTSOMF	0.48 0.6 0.72
FSOMFSOMS	0.024 0.03 0.036
RNLEACH	0.72 0.9 1.08
KNEMIT  0.00000018 0.000012 0.0000142
TCLITT  584 650 876
TCSOMF  14600 18250 21900
TCSOMS  146000 182500 219000
TMAXF   40 50 60
TSIGMAF 15 17 23
RFN2O   7.0 8.73 10.5
WFPS50N2O   0.576 0.65 0.864
KNFIXMX   30 200 400
KNFIXK  0.1 0.5 1.0
KFERTEMIT 0.00001 0.00015 0.0002
RDRROOT 0.0005 0.001 0.002
DLMXGE	0.8	0.936974	1			
