ST	YR	doy	T	TMMXI	TMMNI	RH	RAINI	WNI	GR
42	2000	1	5.9	6.9	4.7	100	15.6	2.5	1.2
42	2000	2	5.7	7.2	3.5	94.1	6	4.7	0.8
42	2000	3	5.9	7.7	3.4	90.7	8.4	5.2	1.1
42	2000	4	4.4	5.7	2.6	86.3	3.2	4.5	1.4
42	2000	5	5	6.8	2	92.4	8.1	3.3	0.6
42	2000	6	6	7.8	2.5	93.7	9.5	5.7	0.5
42	2000	7	5.8	7.1	4	95.3	10.4	4.1	0.924
42	2000	8	6.5	7.6	4.7	92.5	0.9	6.7	1
42	2000	9	4.4	5.5	3.4	96.2	2.9	3.5	1.1
42	2000	10	4.9	6.7	2.2	97.6	12.7	3.9	0.3
42	2000	11	5.8	6.7	4.8	100	0.8	2	0.7
42	2000	12	5.5	6.1	4.1	100	3.7	1.7	0.7
42	2000	13	2.8	4.2	1.9	99.2	0	0.6	0.6
42	2000	14	1.5	3.5	-1.2	76.4	0.3	0.6	1.5
42	2000	15	1.2	3.7	-2.4	92.8	1.8	0.7	0.6
42	2000	16	5.9	7.3	3.6	100	0.7	5.2	0.3
42	2000	17	6.9	7.3	6.3	99.5	0.8	10.3	1.4
42	2000	18	3.3	6.9	1.4	69.3	0.6	7.7	1.9
42	2000	19	3.4	6.2	1.4	84.4	0.5	3.6	0.9
42	2000	20	5.1	6.5	2.4	92.5	1.3	7.6	1.2
42	2000	21	0.7	3	-0.9	72.5	2.7	3.3	0.9
42	2000	22	0.2	1.4	-1.6	96.7	3.4	0.7	1.1
42	2000	23	-1.5	-0.4	-3.6	79.3	0.1	0.7	0.9
42	2000	24	0.4	2.4	-1.4	96.5	0.2	0.6	1.3
42	2000	25	0.4	2.3	-2.9	99.1	0.2	1.5	1.9
42	2000	26	3.7	5.6	0.5	100	2.5	2.6	1.3
42	2000	27	4.8	6.2	1.2	96.3	2.7	5.3	1.6
42	2000	28	2.9	5.9	1.3	97.2	6.6	2.2	1
42	2000	29	4.7	6.9	0.1	97.4	19.8	8.2	1.5
42	2000	30	0.9	4.1	-1.9	81.1	3.3	8	2.3
42	2000	31	0.5	3.7	-1.2	100	11.6	1.8	2.1
42	2000	32	2.6	6.2	-0.1	98	7.8	2.8	0.8
42	2000	33	3.5	5.4	0.8	99.1	4.9	7.7	1.5
42	2000	34	3.2	5.5	0.7	93.4	0.7	2.4	3.5
42	2000	35	6.8	7.8	5.5	100	30.3	5.1	0.2
42	2000	36	7.1	7.8	6.2	100	3.1	3.4	0.8
42	2000	37	6.1	6.9	4.7	99.7	2	2.4	1.8
42	2000	38	5.2	6.6	3.1	89.5	4.9	4.9	2.3
42	2000	39	4.3	5.4	2.9	95.9	3.4	1.1	1.3
42	2000	40	4.2	6.1	2.8	87.4	2.3	3	4.3
42	2000	41	5.4	6.3	2.1	92.4	14.8	6	0.7
42	2000	42	5.2	6.4	2.5	93.9	1.5	5.3	1.6
42	2000	43	4.2	5.9	0.8	94.1	11.7	4.2	1
42	2000	44	2.4	4.4	-1	80.5	4.3	6.8	3.7
42	2000	45	0.6	2.9	-2	83.3	5.9	1.6	4.5
42	2000	46	3.3	5.4	0.4	93.8	2.7	3.4	3.6
42	2000	47	2.2	3.8	0.4	81.7	0.1	1.4	3.4
42	2000	48	1.2	4.1	-0.8	74.3	0.1	1	6.1
42	2000	49	1.6	2.6	0.3	81.4	2.8	1.7	2.1
42	2000	50	1.2	3.6	-1	74.5	0.1	1.8	6.3
42	2000	51	-0.7	2.6	-3	78.6	0.3	0.9	6.9
42	2000	52	0.4	2.4	-2.3	83.9	0.9	1.4	3.3
42	2000	53	2.3	3.6	1.4	92.6	0	0.3	2.9
42	2000	54	1.8	3	1	88.3	6.6	2.6	3.7
42	2000	55	4	5.9	1.4	88.4	9.3	3.3	6.5
42	2000	56	3.3	4.6	1.1	94	2.6	3.5	3
42	2000	57	4.9	6.3	3.6	100	0	2.3	3.2
42	2000	58	5.2	6.5	2.5	99.4	24.7	3.7	0.2
42	2000	59	4.7	6.3	2.8	94.9	0.7	4.7	5.3
42	2000	60	3.4	4.7	1.8	98	3.4	3.1	1.8
42	2000	61	2.9	4.9	-0.3	87.7	1.5	6.2	4.8
42	2000	62	1.3	5	-1.1	97.1	16.6	2.4	4.4
42	2000	63	2	3.3	0.8	82.7	3	8.9	5
42	2000	64	-1.4	0.9	-3.5	88.4	2.6	5.1	6.5
42	2000	65	-0.1	4.4	-3.5	96.7	5.6	2.2	5.6
42	2000	66	5.6	6.9	3.8	96.8	2.5	6.3	0.9
42	2000	67	3.8	5.6	1.8	85	0.1	4.6	6.3
42	2000	68	4.2	6.5	1.3	99.5	11.9	4.7	1.1
42	2000	69	2.1	4.3	-0.2	74.4	0.1	3.7	10.3
42	2000	70	0.3	1.7	-1.2	82.6	2.7	2.2	3.2
42	2000	71	2.5	4.9	0.7	85.8	4.3	1.2	4.9
42	2000	72	3.9	6.1	0.9	100	5.6	1.3	2.8
42	2000	73	5.3	6.4	4.1	100	6.4	3.7	2.7
42	2000	74	2	4.6	-1	90.4	2.6	7.6	5.6
42	2000	75	0.9	4.6	-2	92.1	3.4	3.4	5.2
42	2000	76	2.5	5.9	-0.1	90.8	2.2	2.6	1.5
42	2000	77	5.6	6	4.8	100	2.4	3.4	1.7
42	2000	78	4.7	8.3	2.4	80.3	0.4	4	13.2
42	2000	79	4.2	6.3	0.9	99.9	0	1.1	4.1
42	2000	80	5.9	8.1	3.6	98.7	0.2	3.4	5.4
42	2000	81	4.7	7.1	1.9	100	2.7	2.3	3.1
42	2000	82	2.7	5.2	0.8	91.7	1	1.9	9.9
42	2000	83	1.4	4.2	-1.2	82.3	3.2	1.3	10.7
42	2000	84	2.6	5.9	-1.7	41.5	0	2	10.2
42	2000	85	4.2	6.9	2.1	57.6	0.5	1.8	4.4
42	2000	86	2.9	4.4	0.9	92.3	4	0.9	3.2
42	2000	87	3.8	6.6	0.5	51.9	0	1.3	15.6
42	2000	88	2.4	5.2	-0.8	60.2	0	1.8	11.5
42	2000	89	4	7.3	1.7	94	0	1.4	11.7
42	2000	90	3.8	6.2	2.2	98.2	0	1.9	7.3
42	2000	91	4.9	6.5	3.9	98	0	3	7.5
42	2000	92	4.7	7.5	3.5	94.8	2.5	1.5	9.7
42	2000	93	1.8	3.8	-0.4	100	20	0.7	1.8
42	2000	94	0.9	2.7	-0.9	96.1	5.1	0.8	6.6
42	2000	95	1.1	3.5	-0.7	64.1	0.5	5.6	15.8
42	2000	96	1.1	4	-2.1	73.5	2.6	3.6	12.5
42	2000	97	5.4	7	3.5	97.8	0	5.8	13.2
42	2000	98	6.1	8.8	4.4	89.6	0.1	2.6	12.8
42	2000	99	4.9	6.5	3	87.1	5.8	1.3	4.9
42	2000	100	5.4	9.2	2.2	59.8	0	1.7	18.3
42	2000	101	4.5	6.9	2.7	96.8	0	1.5	9.9
42	2000	102	4	5.7	3.3	95.2	1.3	0.8	4.2
42	2000	103	6.2	10	3.3	60.7	0	1.2	9.7
42	2000	104	6.1	7.6	4.4	82.6	2.7	1.6	7.6
42	2000	105	4.3	5.6	2.2	99.4	5.2	1.7	4.7
42	2000	106	3.4	6.1	1	80.2	0.3	3.1	17.4
42	2000	107	4.4	6.8	1.6	75.3	0	0.9	2.7
42	2000	108	5.2	7.9	2.7	88.5	1.3	1.2	3.8
42	2000	109	6.1	7.8	5.4	99.1	7	2.3	4.6
42	2000	110	8.6	12.7	5.6	84.6	0	2.2	12.7
42	2000	111	9	12.1	7.6	93	3.8	2.8	7.9
42	2000	112	7.8	9.8	6.3	100	31.7	1.6	2.5
42	2000	113	9.7	13.8	6.1	88.2	0.5	1.8	14.8
42	2000	114	7.2	10.5	5.9	98.7	0.2	1.7	6.7
42	2000	115	6.9	10.6	4	94.9	0	1.2	12.9
42	2000	116	6.3	10.5	2	92.2	0.5	0.8	16.8
42	2000	117	8.8	11	6	82.2	2.7	1.3	3.5
42	2000	118	11.5	15.5	9.5	80.8	1.3	1.3	13.9
42	2000	119	15.8	21	9.1	64.9	0.6	2.9	14.8
42	2000	120	20.2	25	16.2	48	0	2.8	20.4
42	2000	121	13.2	18.3	7.6	81.4	0.2	1.7	19.4
42	2000	122	11.6	18.2	8.1	93.6	0.6	1.3	14.6
42	2000	123	8.2	9.2	7.1	99.6	0	1.2	5
42	2000	124	8.1	11.2	6	91.6	0	3.4	15.6
42	2000	125	9	13.4	5.1	87.9	0.1	1.6	24.3
42	2000	126	9	12.5	4.7	89.9	0	2.7	23.9
42	2000	127	9.7	13.8	6.3	92.7	0	2.4	21.2
42	2000	128	11.7	16.8	6.2	73.2	0	1.2	23.9
42	2000	129	14.8	18.6	9.6	54.2	0	1.5	24
42	2000	130	15.2	19.3	10.9	57.4	0	1.5	24.4
42	2000	131	10.9	19	7	77.1	0.1	3.1	24.3
42	2000	132	10.2	13.6	6.6	61.4	0	4	26
42	2000	133	11.6	16.1	7.4	52.4	0	1.7	25.9
42	2000	134	12.9	19.2	6.6	68.7	0	1.9	26
42	2000	135	12.7	19	8.4	62.6	0	1.3	26.4
42	2000	136	14.7	19.5	8.9	50.5	0	1.2	23.5
42	2000	137	18.1	23.6	12.2	60.8	7.1	1.4	20.5
42	2000	138	12.9	18	8.3	89.1	7.3	2.5	8.9
42	2000	139	9.6	13.1	8	90	11.1	2.3	14.6
42	2000	140	8.4	10.8	7.2	94.9	15.7	1.4	7.6
42	2000	141	8.6	10.9	6.1	78.5	0	2.5	24.3
42	2000	142	8.5	11.6	5.3	78.3	0	3.9	25.5
42	2000	143	9.4	12.3	6.6	79.2	2.5	2.1	19.2
42	2000	144	10.2	13.8	6.9	76.3	6.1	1.5	17.9
42	2000	145	9.5	11.6	6	77.8	4.5	3.2	21.6
42	2000	146	9.8	12.9	6	73.6	1.7	1.9	25.1
42	2000	147	9.6	12.5	7	81.8	3.7	1.9	20.5
42	2000	148	9.7	13.4	7.4	80.6	9.3	3.7	8.6
42	2000	149	9.2	12.3	7.5	85.6	3.6	4	15.9
42	2000	150	8.6	10.7	6.9	86.2	3.5	5.4	13
42	2000	151	7.7	10.1	5.3	71.8	0.8	4.1	22.2
42	2000	152	8.1	11	5.3	83.6	8.7	2	21.7
42	2000	153	9.1	11.8	6	89.5	7.3	1.6	5.9
42	2000	154	9	11.5	6.6	86.2	1.3	4.3	9.5
42	2000	155	7.8	10.8	4.1	71.4	0.6	3.4	20.7
42	2000	156	8.3	11.9	2.9	62.3	0	1.9	26
42	2000	157	10.7	13.9	6	53.2	0	1.6	28.4
42	2000	158	10.3	15.4	6.9	76.6	5.9	0.7	8.1
42	2000	159	9.4	11.7	7.5	89.5	2.3	2.6	13.5
42	2000	160	10.7	13.3	8	66.8	0	1.8	20.5
42	2000	161	16.4	20.8	9.8	46.6	0	2.1	28.2
42	2000	162	12.7	16.7	8	88.1	3.4	1.9	8
42	2000	163	10.6	12.8	7.6	87.3	1	2.9	13.9
42	2000	164	11.2	13.2	9.7	95.9	5.3	2.4	9.3
42	2000	165	12.3	13.8	10.5	82.8	7.1	5.4	22.1
42	2000	166	10.8	12.5	9.3	80.2	0	4	17.2
42	2000	167	9.3	11.6	7.5	77.5	1	5.6	22
42	2000	168	8.8	11.4	6.6	75.5	0.1	5.3	20.3
42	2000	169	9.6	13.3	5.2	81.2	1.1	1.4	25.2
42	2000	170	11.8	14	10.1	93.7	0	1.5	8.8
42	2000	171	14.8	19.6	9.9	85	0	1.8	19.5
42	2000	172	17	23	11.5	80.2	0	1.3	25.3
42	2000	173	16	19.8	12.9	92.2	4.5	1.3	6.5
42	2000	174	13.1	14.5	11.6	92.3	14.7	1.9	9.9
42	2000	175	12.8	15.8	10.8	94.6	3.3	1.8	10.6
42	2000	176	12.2	15.8	10.3	94.1	3.1	1.5	16
42	2000	177	11.1	12.2	9.9	85.3	0	5.6	13.3
42	2000	178	9.9	11.7	8.1	73.6	0.1	7.8	17.3
42	2000	179	9.5	11.6	8	71.3	0	7.9	28.8
42	2000	180	9.5	11.7	8	90	0	5.1	19.1
42	2000	181	11.8	15.9	8.3	86	0	1.4	18.9
42	2000	182	11.5	13.9	9.8	99.2	12.6	1.8	7
42	2000	183	14.4	17	12.3	97.2	3.7	1.1	7.9
42	2000	184	15.4	18.8	11.6	78	0	1.8	23.6
42	2000	185	13.3	18	10.3	89.5	0	1.7	21
42	2000	186	12.3	13.9	11	91.2	0	3	11.3
42	2000	187	12.5	14.8	11.4	88	0	1.1	8.9
42	2000	188	10.8	12.2	8.7	96.2	0.4	4.1	4.4
42	2000	189	9.6	11.6	7.8	67.9	0	5.5	23.7
42	2000	190	9.8	12.2	7.3	71.8	0	2.9	25.8
42	2000	191	12.4	16.6	7.5	77.1	0	1.2	25.6
42	2000	192	12.8	15.2	10.8	85.1	3.7	1.4	9.1
42	2000	193	12.9	15.8	11	95.7	10.2	1.9	12.2
42	2000	194	11.2	12.8	10	93.2	0.2	4.6	12.3
42	2000	195	10.8	12.6	9.4	81.1	0	3.4	22.2
42	2000	196	11.2	14.2	8.4	77.3	0	3.9	28
42	2000	197	12.5	17.4	8.9	89.8	0	2.9	26.3
42	2000	198	13.8	18.7	10.2	91.6	0	1.7	26.1
42	2000	199	10.9	12.3	10.1	99.3	0	2	8.6
42	2000	200	10.5	11.7	9.8	98.4	0.1	3.9	6.9
42	2000	201	10.7	12.7	9.4	92.7	0	5.8	13.5
42	2000	202	11.5	14.2	9.4	89.7	0.1	5.5	20.8
42	2000	203	12	15.7	8.7	87.3	0	3.4	25.6
42	2000	204	12.3	16.7	8.7	96.3	0	1.2	26.1
42	2000	205	15.6	20.2	10.9	87.7	0	1.2	25.7
42	2000	206	16.1	19.6	11.8	93.2	0.6	0.7	13.5
42	2000	207	17.1	20.3	15	95.2	0.4	0.9	11
42	2000	208	15.2	17.1	13.5	98.3	10.6	1	5.4
42	2000	209	14.1	15.2	13.2	97.1	2.2	0.9	7
42	2000	210	14.5	16.2	13	94.8	1.6	0.7	8.2
42	2000	211	15.2	17.7	13.1	92.1	0	2.1	16.4
42	2000	212	13.5	15.2	12.5	92.3	0	3.3	8
42	2000	213	12.9	14.4	10.8	86.9	0.3	3.2	12.6
42	2000	214	12.9	14.7	9.8	95	1.1	0.6	7.5
42	2000	215	15.1	17.5	12.6	92.8	0	1.3	13.3
42	2000	216	14.4	17.8	10.7	85.3	0.1	2.3	22.7
42	2000	217	12.9	13.9	11.8	87.5	4.1	2.1	6.1
42	2000	218	13.2	15.3	11.8	90.5	1.2	2.1	11.3
42	2000	219	13.1	14.9	10.3	81.7	9.9	4.2	11.6
42	2000	220	10.6	12.3	9.3	85.3	2.9	5.3	12.2
42	2000	221	10.9	13.7	9.1	78.1	0.4	4.7	16.9
42	2000	222	11.5	15	8	74.5	0	2.4	23.1
42	2000	223	14.5	16.2	11.3	91	9.8	1.1	3.6
42	2000	224	12.9	14.1	10.7	92	4	2.9	4.6
42	2000	225	11.8	13.9	9.7	80.6	0.1	1.7	14.7
42	2000	226	14.5	19.1	10.1	82.4	0	0.7	8.7
42	2000	227	15.7	17.2	13.9	86.3	40.4	1.8	2.9
42	2000	228	13.7	15	12.3	93.7	8.5	1.5	3.9
42	2000	229	13.6	17.7	11	86.3	18.4	0.9	12.9
42	2000	230	13.3	16.3	11.1	83.5	3.2	1.4	12.3
42	2000	231	13.1	16.1	10.6	81	7.2	1.7	13.2
42	2000	232	12.9	16.8	9.4	83.3	19	0.9	12.9
42	2000	233	13.2	16	11.6	84.4	8.5	3	11.6
42	2000	234	12.4	14.6	11	78.9	0.4	4.5	15.2
42	2000	235	11.9	14.6	10.2	80.4	2.7	3.5	12.1
42	2000	236	11.8	13.9	9.6	82.1	1	2.3	12.2
42	2000	237	12.3	14.9	10.2	90.6	26.7	4.7	10.9
42	2000	238	13	16.7	10.1	86.9	0	2	17.3
42	2000	239	15.1	20.3	10.1	72.6	0	1.5	17.7
42	2000	240	16.1	18.5	14.1	70.3	1.4	1.8	9.2
42	2000	241	14.1	14.8	13.2	92.4	43.9	0.5	1.6
42	2000	242	13.8	15.5	12.6	88.3	0.4	1.1	9.5
42	2000	243	12.1	13.3	11.1	91.7	13.9	4.3	2.4
42	2000	244	11.8	13.8	9.4	78.9	0.1	1.3	6.6
42	2000	245	12.9	17	9.5	75.2	0	0.8	12.5
42	2000	246	12.8	16.5	9.5	83.8	0	1.6	14.7
42	2000	247	12.9	15.9	10	75	0	1.6	17.9
42	2000	248	11.5	14.4	8.5	71.9	0.1	1.8	14.8
42	2000	249	11.8	14.7	9.8	75.4	0.3	1.1	9.8
42	2000	250	13.4	15.2	12	93.7	18.1	1	3.7
42	2000	251	12.5	14.1	10.3	89.6	11.8	2	6.2
42	2000	252	13.4	14.8	11.9	81.6	0	3.3	11.1
42	2000	253	12.8	14.9	11.4	74.7	0	3.4	12.8
42	2000	254	12.2	14.3	10.4	77.6	0.1	3.3	12.2
42	2000	255	10.3	13.7	7.3	69.7	0	1.7	15.5
42	2000	256	11.4	13.3	8.4	59.4	0	1	4.6
42	2000	257	12.8	16.3	10.6	53.4	0	0.7	8.9
42	2000	258	12.2	13.5	10.5	56.3	4.3	1.6	3.7
42	2000	259	13.2	14.5	12	77.7	0	2.4	4
42	2000	260	13.6	15.6	12.1	73.2	3.2	1.3	3.8
42	2000	261	13	15.3	11.7	74.4	1.9	1.9	5.9
42	2000	262	12.8	13.9	12	95.6	22	2.6	1.9
42	2000	263	12.9	14.7	12	65.5	0.1	2.7	8.7
42	2000	264	13.1	15.6	10.7	49.3	0	3	12.2
42	2000	265	13.2	15.5	11.8	53.4	0.1	2	7.3
42	2000	266	12.9	14.9	11.8	66.7	0	2.6	6.9
42	2000	267	13.6	15	12.3	81.2	0	1.8	4.7
42	2000	268	13.6	16.9	10.7	53.4	0	1.2	12.4
42	2000	269	12.8	17.7	8.9	61	0	1.2	12.1
42	2000	270	10.9	15.5	6.8	56.4	0	1.4	10
42	2000	271	12.5	15	11	77.3	2.9	2.6	3.6
42	2000	272	12.9	13.9	11.7	94.8	25.5	2.2	1.3
42	2000	273	14.8	17.5	12.5	91.5	0.5	0.9	2.5
42	2000	274	18	21.2	15.2	55.7	0	1.4	10.1
42	2000	275	14.4	18	11.2	59.4	0.1	1.2	7.7
42	2000	276	13.1	14.6	11.6	77.1	2.6	0.9	0.6
42	2000	277	12.3	15	11.1	90	0	1.2	5.2
42	2000	278	12.1	13.4	9.1	90.9	14.2	2.2	1.5
42	2000	279	10.7	13.7	7.8	85.8	5	1	5.3
42	2000	280	11.2	13.8	10.1	89.7	9.3	0.7	5.7
42	2000	281	11	13.8	8.6	74.8	1.1	1.2	7.4
42	2000	282	10.4	11.3	9.3	84	3.3	1.8	1.8
42	2000	283	8.9	11.3	7.3	76.2	7.1	1.5	4.5
42	2000	284	9.9	12.1	7.1	67.4	2.2	2.5	3.2
42	2000	285	9.6	11.5	7.1	65.9	3.4	3.2	5.7
42	2000	286	11	13.5	8.6	77.1	6.3	1.8	6.6
42	2000	287	11.3	13.6	9.4	87.8	3.1	1.3	3.9
42	2000	288	10.4	12.1	8.7	93.4	2.6	1.6	3
42	2000	289	11	11.7	10.1	92.1	2.7	1.3	1.2
42	2000	290	13	15.2	10.7	66.6	1.6	1.9	5.5
42	2000	291	11.2	13.9	9.8	94.2	5.6	1.8	1.6
42	2000	292	9.9	11.5	7.9	89.9	22.3	2.3	1.5
42	2000	293	9.8	11.5	7.6	95.1	30.7	1.5	1
42	2000	294	9.1	12	6.7	82.7	0.1	0.9	6.1
42	2000	295	11	12.2	9.9	91.2	25.3	2.3	0.4
42	2000	296	9.2	12	6.9	82.1	0	1	5.3
42	2000	297	11	12.1	9.1	93.2	4.7	2.3	2
42	2000	298	9.9	11.2	8.7	92.5	10.6	4.2	3.4
42	2000	299	9.1	10.4	8.2	91.4	12.7	1.5	1.2
42	2000	300	9.5	10.7	8.1	93.3	5.8	3.5	2
42	2000	301	8.1	9.2	7.1	91.5	1.3	1.6	2.1
42	2000	302	8.4	10.9	6.5	85.3	1.4	1.4	3.4
42	2000	303	8.5	10	6.6	79.6	17.1	4.3	1.5
42	2000	304	6.9	8.6	4.1	85.4	37.8	4.7	1.1
42	2000	305	8.2	9.8	6	84.1	8.5	6.5	2.6
42	2000	306	7.1	8.7	5.1	87.5	9.9	2.1	1.7
42	2000	307	6.6	8.5	4.3	81.7	4	1.5	3.6
42	2000	308	7.4	9.2	5	83.1	12.6	2.9	1.5
42	2000	309	6.5	8.6	5	91.3	18.5	1.3	1.6
42	2000	310	6.2	9.1	4.5	95	5.2	1.6	2.3
42	2000	311	7	8.5	4.4	69.6	0	2.2	2.5
42	2000	312	8.4	9.5	7.5	56.1	0	3.8	0.3
42	2000	313	8.6	10.5	5.8	75.4	0.1	1.5	1.9
42	2000	314	7.8	9.5	6	75.6	1.3	1.6	2.1
42	2000	315	7.4	9.9	5.7	77.3	0.1	0.6	2.2
42	2000	316	7.3	9.7	5.7	88.2	6.9	1.4	1.6
42	2000	317	8.3	9.7	6.8	95.7	25.1	1.7	0.6
42	2000	318	6	7.5	4.7	91.4	12.9	1.1	1.1
42	2000	319	6	8	4.8	89	0.9	0.7	2.1
42	2000	320	5.8	7.6	4.5	87.1	2	1	1.9
42	2000	321	6	7.1	4.5	82.5	2.2	1.9	1.1
42	2000	322	5.7	6.9	4.1	90.4	16.1	1.7	1.2
42	2000	323	3.7	4.7	2.4	94.2	17.4	1.6	1.2
42	2000	324	4.4	6.4	1.8	83.9	0.8	1.1	0.9
42	2000	325	6.6	8.6	4.7	71.4	0	2.3	0.7
42	2000	326	6.6	7.7	4.9	70	0.1	1.7	1.9
42	2000	327	6.2	7.3	4.8	74	9.1	2.5	1.3
42	2000	328	7.3	8.4	6.4	84	7	1.5	1.3
42	2000	329	7.5	9.3	5.1	83.4	10.1	3	0.3
42	2000	330	6.4	7.8	4.8	90.5	13.5	2.4	0.5
42	2000	331	6.9	7.7	4.9	65.6	3.7	3.3	0.7
42	2000	332	6.6	8.5	4.9	92.6	4.1	1.5	1.4
42	2000	333	6.5	7.8	4.7	88.5	0.7	1.6	0.4
42	2000	334	9.1	10.8	7.1	91.6	5.2	2.2	1
42	2000	335	7.9	10	4.4	93.8	1.2	2.8	0.8
42	2000	336	8.4	10	5.4	91.1	2.4	2.3	0.4
42	2000	337	8.9	9.6	8.4	93.5	1.5	2.7	0.7
42	2000	338	7.9	8.9	6.6	93.4	0	1.6	0.7
42	2000	339	7.6	9.4	5.9	89.6	9.1	2.5	0.5
42	2000	340	9.3	10	9.1	95.3	11.9	2.6	0.3
42	2000	341	9.1	9.6	8.4	95.2	11.2	1.9	0.2
42	2000	342	7.8	9.2	6.3	93.1	1.6	0.3	0.6
42	2000	343	7.7	9.3	4.9	79.4	3.5	2.3	0.3
42	2000	344	8	9.1	5.5	93.5	15.4	2.3	0.3
42	2000	345	7.9	8.4	7.1	94.7	5.8	2.8	0.7
42	2000	346	6.8	8.1	5.4	93.9	2.4	1.6	0.3
42	2000	347	7.1	8.9	4.2	93.9	2.4	1.4	0.2
42	2000	348	8	9.8	5.8	90.6	21.6	4.9	0.4
42	2000	349	6.9	8.1	5.5	88.6	12.5	5.7	0.4
42	2000	350	4.3	6.4	2.5	79.2	0.2	5.1	0.4
42	2000	351	1.8	3.1	-0.1	87.5	0.1	1.3	1.1
42	2000	352	1.9	3.6	-0.6	76	0	0.1	0.7
42	2000	353	2.2	3.7	0.7	64.7	0.1	0.7	0.8
42	2000	354	1.4	2.7	0.1	60.9	0	1.5	1.1
42	2000	355	2.4	3	1.3	65.8	0	2.3	0.7
42	2000	356	2.2	3.4	0.3	65.4	0.1	1.4	1.2
42	2000	357	1.4	2.9	-0.2	83.5	0	1.3	0.3
42	2000	358	0.4	2.5	-1	90.2	0.6	0.9	1
42	2000	359	-1.9	0.3	-3.9	59.9	0.2	1.2	1
42	2000	360	-3.2	-1.4	-4.8	50.1	0	1.1	1.1
42	2000	361	-0.5	0.6	-2.3	91.4	15.2	0.4	0.1
42	2000	362	-0.4	0.4	-1.3	83	4	0.8	1
42	2000	363	-2.6	-0.9	-4.4	62.2	1.1	1.5	1
42	2000	364	-1.8	-0.8	-3.1	85.7	3.4	1.3	0.5
42	2000	365	-5.1	-2.7	-7.3	78.2	0	0.9	1.9
42	2000	366	-1.1	1.6	-6.9	86.2	11	1.5	0.9
42	2001	1	2.3	3.3	0.9	75.7	1.6	3.5	0.7
42	2001	2	4.4	5.4	3.1	75.3	0	2.1	0.8
42	2001	3	4.9	6.3	2.5	85.1	8.5	2.9	0.3
42	2001	4	4.5	5.3	3.5	80.9	1.5	2.4	0.6
42	2001	5	5.4	6.2	4.5	75.5	1.2	2.6	0.3
42	2001	6	4.8	6.3	2.9	76	2.5	2	0.5
42	2001	7	4.2	5.6	3.3	92.2	7.3	1	0.9
42	2001	8	4.2	4.9	3.3	91.4	3.9	0.4	0.8
42	2001	9	2	4	0	93.5	0.9	0.4	1.6
42	2001	10	-1.4	0.8	-2.9	85.7	0.6	0.7	2.7
42	2001	11	2.4	5.1	-2	87.9	1.6	2.6	0.9
42	2001	12	1.3	2.7	-0.2	82.8	0	0.9	1.3
42	2001	13	0.2	1.3	-1.4	62.3	0	0.8	1.4
42	2001	14	1.5	4.4	-0.7	82.7	0	1	1.4
42	2001	15	-0.3	2.3	-5	77.5	0.1	1	1.9
42	2001	16	-3.1	-1.4	-6.7	99	0	0.9	0.5
42	2001	17	-4	-2.2	-6.1	90.1	0.1	1.2	2.4
42	2001	18	-1.2	0.8	-6.2	74.5	0	1.8	0.4
42	2001	19	0.5	0.9	-0.5	67.5	0	0.7	0.4
42	2001	20	0.1	1.3	-1.2	63.2	0	1.2	0.5
42	2001	21	1.2	2.1	0.1	66.6	0	2.2	1.3
42	2001	22	2.2	2.8	1.5	67.7	0	2.4	0.5
42	2001	23	2.5	3.9	1.3	63	0	3.6	2.3
42	2001	24	4.7	6.3	2.6	89.7	17.6	4.2	0.5
42	2001	25	4.9	6	3	92.4	6	1.9	0.5
42	2001	26	4.2	5	2.3	93.5	14	2.1	0.7
42	2001	27	2.7	3.7	0.9	97.6	20.2	1.4	1.2
42	2001	28	2.9	3.5	2.1	91.8	0.6	0.7	1
42	2001	29	2.2	3.2	1.1	97	5.7	0.5	1
42	2001	30	1.2	2.8	-0.9	87.1	0	0.7	1.8
42	2001	31	-0.1	2	-2.9	87.6	0	0.8	3.3
42	2001	32	-2.7	-0.1	-5.5	58	0.1	1.1	2.3
42	2001	33	-6.8	-4.9	-9.5	40.4	0.1	3.3	3.9
42	2001	34	-10.4	-9.2	-11.9	38.5	0	3.4	3.9
42	2001	35	-10.5	-8.4	-12.8	39.8	0	3.3	4.3
42	2001	36	-6.7	-5.3	-8.5	43.2	0	2.8	2.2
42	2001	37	-4.7	0.8	-7.6	68.4	11.5	2	0.9
42	2001	38	2.8	6	0.4	91.1	9.5	3.3	0.8
42	2001	39	0.3	2.1	-1.6	93.3	0.8	1.1	3
42	2001	40	-1.7	2.5	-4.8	78.1	0	0.7	6.7
42	2001	41	0.5	3	-2.3	89.6	5.1	1.8	2.7
42	2001	42	3.9	6.4	0.1	98.1	10.8	3.2	1.6
42	2001	43	5.7	6.7	4.3	99.8	2.2	5	2.8
42	2001	44	4.5	5.9	3.3	98.3	0.2	1.2	1.4
42	2001	45	2.5	4.6	0.9	98.1	0.2	0.5	1.6
42	2001	46	3.4	6.4	0.9	94.5	0	1.9	2.9
42	2001	47	1.3	6	-2.2	83.2	0	0.9	7
42	2001	48	4	5.6	0.8	96.4	0	3.9	3.6
42	2001	49	4.8	6.1	3.9	97.6	0	3.2	2.2
42	2001	50	3.7	6.1	2.2	93.6	0.7	3	3.7
42	2001	51	4.7	5.8	3.3	95.1	6.3	5.4	1.3
42	2001	52	2.2	4.6	-0.2	93.4	6.5	7.5	2.8
42	2001	53	-0.5	2	-3.2	90	2	2.8	4.7
42	2001	54	-2.5	0.3	-5.1	74.5	0.5	1.1	7.6
42	2001	55	-1.1	1.9	-3.1	95	5.7	0.9	4.7
42	2001	56	-3.2	0.2	-6.1	80.6	0.1	0.8	5.6
42	2001	57	-3.6	-2.3	-5.2	89.1	22.2	1.3	2.4
42	2001	58	-4.5	-1.3	-7.4	73.5	21.9	1.1	3.1
42	2001	59	-6.6	-1.8	-11.1	60.2	6.6	1	7.6
42	2001	60	-6.1	-2.8	-10.2	75.6	0	0.9	6.6
42	2001	61	-7.3	-3.3	-13.1	78	6.9	1.2	7.9
42	2001	62	-2.2	0	-4.2	91.5	15	0.9	1.8
42	2001	63	-0.5	1.5	-3.8	68	0	2.7	8.3
42	2001	64	1.3	2.9	-1.6	79.2	0.1	2.3	5.1
42	2001	65	2.1	4	-1.6	88.6	0	2.2	6
42	2001	66	2	4.5	-3	46.6	0	1.7	4.7
42	2001	67	4.6	7.2	2.6	79.3	0	1.1	6
42	2001	68	4.1	5.2	2.7	84	5.6	2.4	1.2
42	2001	69	5.2	7.8	3.2	96.5	1.2	1.1	4.8
42	2001	70	5.3	6.3	4	98.4	7.8	1.1	1.2
42	2001	71	3.1	5	1.8	96.5	9.6	1.1	2.3
42	2001	72	4	6.3	1.5	82.6	0.8	1.4	6.1
42	2001	73	2.9	5.5	0.7	89	0.7	1.6	9.4
42	2001	74	1.4	5.2	-0.7	88.6	0	0.8	8
42	2001	75	0.4	3.2	-2.3	79.4	0.2	1.7	13.6
42	2001	76	0.1	3.5	-3.2	56.6	0.1	1.3	8.5
42	2001	77	-2.3	1.4	-5.8	70.1	0	0.8	13.4
42	2001	78	-1.7	0.6	-4.7	71.5	0.1	1	13.3
42	2001	79	-0.6	3.3	-4.2	82.8	0	1.4	14.4
42	2001	80	-0.4	3.1	-3.7	69.5	0.1	1.1	15
42	2001	81	0	4.4	-3.3	51.5	0	1.3	12.1
42	2001	82	0.5	5	-2.9	45.5	0	1.3	12.5
42	2001	83	0.8	4.6	-2.9	50.6	0	1.6	15.4
42	2001	84	0.8	5.5	-3	44.8	0.1	1.8	15.4
42	2001	85	0.4	4.7	-3.8	60.8	0	1.4	15.7
42	2001	86	0.8	3.4	-2	61.7	0	1.8	12.7
42	2001	87	1.2	4.1	-1.5	50.8	0	3	14
42	2001	88	1.8	3.4	-0.2	63.8	1.1	3.1	3.9
42	2001	89	1.9	3.9	-0.3	92.3	1.3	0.6	4.3
42	2001	90	4.2	5.7	2.2	91.9	11	1.7	3.1
42	2001	91	4.9	7.3	2.7	93.8	5.2	1.3	4
42	2001	92	7.1	11.6	3.4	85.6	0	1.8	10.1
42	2001	93	6.8	10.7	3.9	87	12.3	3.3	7.1
42	2001	94	5	6.6	3	90.4	19	1.6	1.9
42	2001	95	4.4	6.6	1.9	86	2.9	4.1	9.8
42	2001	96	4.3	6.3	1.9	77.3	1.1	0.9	4.2
42	2001	97	5.9	9	3.8	69	0	1	7.9
42	2001	98	4.9	7.2	3.5	88.1	0.1	2.7	13.7
42	2001	99	5	7.8	2.7	74.8	0	2.2	14
42	2001	100	5.3	7.1	3.4	81.8	2.4	1.4	4
42	2001	101	3.6	6.9	0.6	81.2	0.8	4.6	17.6
42	2001	102	2.1	5.7	-0.5	52.2	0.1	4.1	20.1
42	2001	103	1.3	4.9	-2.5	45.3	0.1	1.8	20.9
42	2001	104	0.8	2.3	-1.4	81.8	3.3	2.2	5.9
42	2001	105	2.7	5.4	1.2	86.2	1.6	1.5	8.5
42	2001	106	3.8	7.1	1.8	80.4	0	4.5	12.8
42	2001	107	3.1	5.3	0.7	86.8	3.6	3.5	8.7
42	2001	108	2.7	5.6	-0.5	78.1	0.4	3.2	20.7
42	2001	109	5.1	9.3	2	47.4	0	2	12.8
42	2001	110	4.6	8.9	0.9	53.7	0	2	21.2
42	2001	111	4.1	6.9	1.3	75.2	0	1.4	21.5
42	2001	112	4.3	7.9	0.9	71.7	0	1.6	21.9
42	2001	113	7.1	13	0.9	56.4	0	1.9	20.5
42	2001	114	6.2	9.2	3.5	74.6	0	1.5	18
42	2001	115	7.6	10.2	3.8	68.6	0.1	2.1	9.4
42	2001	116	6.6	8.3	5.3	90.4	2.9	1.4	8.9
42	2001	117	5.9	7.1	4.7	93.1	7.9	2	4.6
42	2001	118	7.3	10.1	4.4	70.3	0	2.1	16.9
42	2001	119	7.1	10.5	4.5	80.7	0.7	1.8	19.4
42	2001	120	8	11.7	4.5	69.8	17	1.6	4.7
42	2001	121	5.9	8.7	3.7	91.9	0	3.2	15
42	2001	122	7.7	11.6	4.1	76.4	0	1.9	23.3
42	2001	123	6.7	9.3	3.8	77.3	1.5	3.3	21.5
42	2001	124	4.9	7.6	2.5	66.4	0	5.5	24.9
42	2001	125	5.9	9.6	1.8	73.2	0	3.1	25.1
42	2001	126	8	11.2	4.1	55.8	0	2.6	25.3
42	2001	127	10.6	15.6	6.3	51.2	0	1.7	18.8
42	2001	128	11	25.1	6.8	63.7	0	1.7	17.4
42	2001	129	13.1	18.3	6.8	59.1	0	1.8	24.4
42	2001	130	13.3	17	10	61.4	0	1.4	18.3
42	2001	131	14.3	18.5	9.8	57.6	0	1.6	25.4
42	2001	132	9.9	15.4	6.5	89	0	2	20.8
42	2001	133	7.5	10.2	6	92.8	0	2.9	16.4
42	2001	134	7.7	11	5.1	84.8	0.1	3.5	26
42	2001	135	8.7	12.4	4.7	88.2	0.1	1.4	16.1
42	2001	136	8.9	12.5	7.3	85.8	4.9	1.6	5.5
42	2001	137	9.7	12.6	7.9	84.8	0.7	1.7	15.2
42	2001	138	8.1	10.1	6.6	87.2	2	4.5	11.9
42	2001	139	7.6	9.4	6.1	73.4	0.3	6.3	23.5
42	2001	140	8.2	10.2	6.3	86.5	0.6	4.2	18.1
42	2001	141	8.5	11	6.6	81.5	0	2.3	19.3
42	2001	142	9.9	14	7.4	83.6	0	1.4	16.1
42	2001	143	10.9	13.7	8.1	79.2	0	1.9	21.6
42	2001	144	8	10.4	5.1	70.3	0.4	5.3	29
42	2001	145	8.7	12.7	4	72.2	0	2	28
42	2001	146	9.1	12.6	4.8	78.4	1.7	1.2	9.5
42	2001	147	10.4	14.1	6.5	88.2	0	1.5	12.4
42	2001	148	10.2	11.4	9.1	88.2	2.4	2.9	9.3
42	2001	149	10.3	13.4	9.1	87.8	6.5	3.1	11.3
42	2001	150	9.7	12.7	7.8	87.9	0.4	1.6	15.5
42	2001	151	9.9	12.7	7.6	88.3	0	2	12.6
42	2001	152	8.8	10.9	7	85.2	1.8	2.7	14.4
42	2001	153	8.4	10.9	6.3	75.7	0	5	24
42	2001	154	8.5	11.9	5.8	77.5	0	5.3	29.4
42	2001	155	8.1	10.4	5.4	91.4	0	2.2	11.9
42	2001	156	9.8	13.3	8	90.7	0.8	2.1	12.8
42	2001	157	9.2	10.9	7.8	91.4	4.2	1.6	5.9
42	2001	158	8.1	9.9	6.7	90.5	15.5	3	4.2
42	2001	159	7.5	9.7	5.7	84	2.1	4.2	16.5
42	2001	160	8	10.3	5.5	73.9	0.1	2.3	26.4
42	2001	161	8.1	11.4	5.1	76.1	0	3.7	28.6
42	2001	162	8	10.4	5.4	66.5	0	4	25.9
42	2001	163	8.1	10.4	6	71.6	0	5.5	29.5
42	2001	164	8.8	11.7	4.9	78.9	0	2.3	21.5
42	2001	165	9.5	11.7	7.3	79.3	0	3.3	27.8
42	2001	166	10.7	14.2	6.5	71.3	0	2.1	29.4
42	2001	167	11.3	14.2	7.2	70.6	0	1.7	25.4
42	2001	168	11.8	14.7	9.6	84.6	0.1	1.2	9.9
42	2001	169	11	15.5	9.3	91.5	0	2.9	24.7
42	2001	170	10.5	12.3	8.6	80.9	0.4	2	19.1
42	2001	171	11.2	12.8	9.7	93.2	23.2	2	4.4
42	2001	172	10.9	14.1	9.3	87.6	7.7	3	19.2
42	2001	173	12	16.9	7.9	86.4	0	2.3	29.6
42	2001	174	9.9	11.4	8.9	92.7	0	1.8	12.8
42	2001	175	10.2	11.6	9	92	0	2.9	7.4
42	2001	176	11.6	15	9.5	89.6	0	2.3	20.7
42	2001	177	12.3	16.1	9.3	90	0	1.9	25.7
42	2001	178	17.2	23.1	10	63.6	0	1.4	25.2
42	2001	179	15.9	19.3	12.7	83.2	2.6	2.1	18.7
42	2001	180	14.7	18.1	11.9	81.4	0	2	16.1
42	2001	181	15.5	18.7	13	86.9	9.9	2.1	23.5
42	2001	182	12.7	13.7	11.3	93.1	3.1	3.5	9
42	2001	183	14.3	19.5	10.7	84.3	0	1.5	23
42	2001	184	17.4	20.3	14.5	87.4	0	1.6	21
42	2001	185	18.7	23	13	70.1	0	1.4	27.9
42	2001	186	18.9	22.9	13.9	68.4	0	1.5	28.2
42	2001	187	19.6	23.8	14.4	65.1	0	1.5	27.9
42	2001	188	21.5	25	16.4	66	0.2	1.6	22.7
42	2001	189	20.6	25.1	16.8	81.8	13.6	1.5	11
42	2001	190	14.8	17	12.7	93.2	2.2	2.4	3.2
42	2001	191	15.4	19.2	11.8	79.9	2.2	1.3	21.4
42	2001	192	14.4	16.8	11.3	80.8	17.7	1.9	18.7
42	2001	193	12.6	16.3	10.8	85.9	6.3	1.5	14.1
42	2001	194	13	15.8	10.8	81.7	1.3	1.8	16.3
42	2001	195	12.7	15.5	10.1	74.1	1.9	1.2	20.3
42	2001	196	12.8	16.2	10.8	78	4.5	1.9	18.9
42	2001	197	12.6	15.1	9.8	69.3	1.1	2.2	23.3
42	2001	198	12.6	15.6	8.7	68.2	0	2.4	27.5
42	2001	199	15.1	19	10.8	76.8	4	1.8	19.3
42	2001	200	15.9	18.8	12.7	81.1	0	1.2	25.4
42	2001	201	15.6	18.1	13.2	84.5	0	1.3	22.7
42	2001	202	15	18.2	13	72	0.2	1.3	16
42	2001	203	15.8	18.1	14	91.1	6	2	12.1
42	2001	204	16.2	19.2	13.1	78.7	0	1.9	24.9
42	2001	205	15.6	19.3	13	88	10.6	1.2	9.7
42	2001	206	15.1	17.8	12.2	82.4	0.1	1.1	17.7
42	2001	207	16.1	19.5	12.7	71.7	0	1.5	24
42	2001	208	16.3	19.3	13.3	79.9	0	2	22.9
42	2001	209	16.2	19.1	13.5	84.8	0	1.9	24.8
42	2001	210	16.3	19.5	13.4	89.5	0.2	1.8	6.6
42	2001	211	13.5	15.5	11.6	77.4	6	4.4	14.2
42	2001	212	13.3	15.6	11.5	75.2	0.5	3.7	20.9
42	2001	213	13.1	15.7	10.7	75	0.6	2.7	20
42	2001	214	13.2	17.3	9.4	88.1	1.1	0.9	7.6
42	2001	215	16	18.2	14.1	80.5	7.8	1.5	5.1
42	2001	216	14.2	16	11.9	79.2	0	2.7	15.8
42	2001	217	13.6	16.2	10.9	80.2	1.8	1.8	22.5
42	2001	218	12.9	15.7	10.1	78.7	3.3	1.4	20.7
42	2001	219	13	16.1	9.8	76.4	0	1.9	23.9
42	2001	220	12.5	16.1	9.4	91.1	14.1	1.4	4.4
42	2001	221	14.4	17.4	12.3	90.4	3.3	2.8	9.6
42	2001	222	12.1	14.2	10.3	83.7	5	4.7	13.7
42	2001	223	12.1	15.4	9.1	79.9	8.5	1.6	21.4
42	2001	224	13.7	15	12.1	90.2	13.8	2.2	8.7
42	2001	225	14.4	16.2	12.4	90.5	0.6	1.1	5.7
42	2001	226	16.6	19.3	14.9	91.2	0	1.4	8.5
42	2001	227	18.6	21.6	16.2	83.8	0	1.3	13.7
42	2001	228	19.7	25.3	13.7	83.2	2.1	2	10.2
42	2001	229	14	16.5	12	87.2	4.7	2.7	14.1
42	2001	230	15	18.1	11.9	82.5	0	1.2	19.3
42	2001	231	16.6	20.6	12.1	62	2.2	1.9	8.1
42	2001	232	15.9	17.8	12.4	90.6	13.3	2.1	7.4
42	2001	233	14.3	18.7	10.6	79.8	0.1	1	19.2
42	2001	234	16.7	20.6	12.8	75.8	0	1.1	12.3
42	2001	235	18.1	23.2	14	72.5	0.3	0.7	11.9
42	2001	236	18.9	23.1	16.4	81.5	0	0.9	17.1
42	2001	237	17.2	18.9	15.4	89.7	0.9	1.1	3.2
42	2001	238	14.7	16.2	11.8	90.4	1.7	2.1	5.5
42	2001	239	12.5	14.3	10.6	78.7	5.4	5.2	10.7
42	2001	240	12	14.5	10	76.8	0.4	5.4	15
42	2001	241	12.7	17.3	8.5	82	0	0.9	16.5
42	2001	242	14.8	18.4	11.8	83.1	0.7	0.7	10
42	2001	243	14.8	17.2	12.5	84.1	19.5	1.1	3.9
42	2001	244	12.5	15	10.7	81.8	6.1	2.9	14.7
42	2001	245	12.9	15.2	10.7	91.8	9.7	2.2	5.7
42	2001	246	12.7	14.3	11.5	89.6	11.2	1.9	8.1
42	2001	247	13.5	17.9	10.6	85.9	0	2	16.2
42	2001	248	12.2	13.6	10	82.4	2.4	2.3	8.3
42	2001	249	11.1	13.2	9.8	87.6	12.5	1.8	8.5
42	2001	250	10	13.1	7	81.6	5.7	2.2	9.4
42	2001	251	9.7	12.3	6.6	78.6	2.9	3.9	14
42	2001	252	11.8	15.6	8.5	78.7	0	4.5	15.5
42	2001	253	12.1	14.2	10.3	87.3	2.9	4.2	15
42	2001	254	12	17.4	9	85.7	1	1.6	11.3
42	2001	255	11.6	14.5	8.9	92	1.9	0.9	6.4
42	2001	256	12.7	15	11	82.8	5.2	1.3	4.6
42	2001	257	12.1	14.6	10.7	88.9	0.1	1.9	9.3
42	2001	258	11.1	13.4	9	89.3	2.3	1.3	4.4
42	2001	259	11.3	14.2	9.1	90.4	7.3	1.4	6.6
42	2001	260	12.9	18.3	7.9	77.8	0	1.5	9.5
42	2001	261	16.1	20	12.7	63.9	0	1.5	10.6
42	2001	262	16.1	18.7	12.6	62.3	8.1	1.3	4.5
42	2001	263	13.2	18.1	10.3	68.7	9.1	0.8	11.1
42	2001	264	12	16.4	7.8	80.1	0	1.3	12
42	2001	265	13.8	18.1	11	72.9	0	1.1	6.6
42	2001	266	13.5	17.9	10.5	64	0	0.9	7.7
42	2001	267	12.3	14.6	8.6	84.2	0.4	1	5.7
42	2001	268	9.6	14.3	5.4	60.7	0.1	1	13.1
42	2001	269	10.2	14	6.1	75.9	2.7	0.5	7.4
42	2001	270	10.8	13.9	9	87	3.2	1.1	9.2
42	2001	271	10.1	13.1	7.5	82.2	0.1	0.8	8.7
42	2001	272	9.9	10.9	7.7	70.6	3.6	2	1.8
42	2001	273	12.1	13.5	10.4	81.8	2	2.2	2.2
42	2001	274	12.8	13.8	11.9	94.4	39.6	3.3	3.8
42	2001	275	13	14.2	12.1	93.2	0.3	4.3	6.1
42	2001	276	12.3	13.6	11.3	91.2	2.9	4.9	6.2
42	2001	277	11.3	13.1	10	89.3	1.9	3.1	6.8
42	2001	278	11.7	14.8	7.7	92.6	0	1.3	4.5
42	2001	279	13.4	16.1	12	85	4.9	1.8	5.7
42	2001	280	12.9	14.9	11	91.1	4.7	1.2	5.3
42	2001	281	12.7	14.5	10.9	87.8	14.8	2.1	4.9
42	2001	282	11.9	13.8	9.9	90.8	12.5	1.1	3.2
42	2001	283	10.4	12.2	8.8	84.5	21.9	4.1	1.8
42	2001	284	10.2	12.6	8.5	86.6	6.3	2.1	2.5
42	2001	285	12.6	13.7	11.2	95.5	2.2	2	1.3
42	2001	286	11.2	12.5	8.2	95.2	3.2	1	1.5
42	2001	287	11.2	15.4	7.1	81.2	0	0.5	5.6
42	2001	288	14	15	13.4	88.4	5.2	1.7	1.2
42	2001	289	11.8	14.7	7.7	90.8	2.4	1.3	4.6
42	2001	290	9.7	14.6	6.9	87.1	0	0.4	7
42	2001	291	11.3	14.3	8.2	60.2	0	1.1	4.8
42	2001	292	11	13.9	8.1	64.2	0	0.9	4.8
42	2001	293	12.7	15.1	11.1	72.6	0	1.4	3
42	2001	294	11.3	13.7	8.9	86.2	0	0.6	3.9
42	2001	295	9.9	12.4	7.8	66.1	0	1	5.4
42	2001	296	8.2	9.6	6.2	62.6	0	2.5	3
42	2001	297	9.5	10.9	8.5	75.1	0	2.4	3.7
42	2001	298	10.6	12	9.2	96.2	6.4	1.4	2.3
42	2001	299	11	12.1	8.7	96.1	24.5	1.9	0.8
42	2001	300	10	11.5	7.8	94.8	9.2	3.5	2.6
42	2001	301	9.2	10.4	7.3	84.3	7.1	6.2	2.7
42	2001	302	9.9	11.1	8.1	95.7	21	5.1	1.2
42	2001	303	10	11.9	8.7	88	8.4	3.4	1.9
42	2001	304	8.3	11.9	4.7	82.4	17.2	7	2.3
42	2001	305	5.5	7.5	3.3	72.4	2.1	4.2	2.9
42	2001	306	9.8	11	6.3	92.7	3.1	1.9	1.1
42	2001	307	9.4	11	8	81.9	1.8	5.4	3.4
42	2001	308	7.2	9.5	1.9	83	5.2	5.9	1.4
42	2001	309	2.2	3.7	0.8	92.6	8.6	1.9	1.8
42	2001	310	3.5	5.5	1.2	82.5	3.1	2.3	3.9
42	2001	311	3.1	6.1	-0.2	75.5	4.9	4.7	2.1
42	2001	312	1.1	3.1	-0.2	75	1.5	2.3	4.2
42	2001	313	1	3.6	-0.9	68.9	2	1.3	3.2
42	2001	314	7.8	9.8	1.7	90.3	10.7	5.5	0.8
42	2001	315	6.2	8.2	4.1	79.7	4.7	6.6	1.3
42	2001	316	1.8	6.2	0	90.8	2.5	3.2	2.2
42	2001	317	1.6	3.3	-0.3	82.5	0	3.2	2.3
42	2001	318	0.9	5.3	-1.6	71.7	0	1.1	3.2
42	2001	319	7.7	9.8	4.7	82.7	3.6	8	2.1
42	2001	320	6.6	9.4	4.4	85.8	2.2	1.7	1.4
42	2001	321	8.1	9.3	6.1	89.1	0.9	4	2.3
42	2001	322	7.4	8.9	4.9	89	3.8	2.5	0.8
42	2001	323	4.8	7.5	3.1	87.6	0	1.1	2.4
42	2001	324	6.3	8.9	3.8	91.7	8.9	1.9	0.7
42	2001	325	7.5	9.3	4.3	84.8	2.2	4.8	0.5
42	2001	326	1.5	5.8	-0.3	75.4	2.5	5.7	2
42	2001	327	0.4	2.3	-0.8	70.1	0	1.6	1.7
42	2001	328	5.6	7.6	2.2	94.6	3.6	0.9	0.6
42	2001	329	7.6	9.2	5.8	94.4	15.9	2.1	0.3
42	2001	330	4.5	6.9	1.3	80.7	0.5	2.3	1.7
42	2001	331	3.8	6	0.9	93.4	16.1	2.3	1.2
42	2001	332	1.2	2.8	0	94.9	16.6	0.4	0.9
42	2001	333	4.2	6.7	2	84.3	0	2.4	0.5
42	2001	334	6.1	7	5.2	89.6	0.4	2.8	0.4
42	2001	335	6.7	8.2	5.5	89.6	12.5	3.1	0.4
42	2001	336	4.3	6.4	2.9	84.8	0.5	1.2	0.8
42	2001	337	4.3	5.4	3.3	84.4	0	1.3	1.4
42	2001	338	4.5	5.6	3.6	81.6	1.5	2.4	0.5
42	2001	339	2.5	3.8	1.7	94.4	8.4	0.5	0.6
42	2001	340	1.6	3.3	-1.3	92.3	0	1	1.6
42	2001	341	3.2	6.5	-1.3	80.3	1.6	1.7	0.6
42	2001	342	7.5	7.9	6.4	94.5	22.9	2.4	0.1
42	2001	343	7.8	8.3	6.9	94.2	23.5	1.4	0.1
42	2001	344	5.4	7.1	3.7	94.5	0.3	0.9	1.1
42	2001	345	1	4.1	-0.8	94.4	0.7	1.1	1
42	2001	346	2	5.2	-1.5	78.6	0	0.7	1.2
42	2001	347	1.8	3	0.2	91.5	0	0.5	0.4
42	2001	348	1.8	3.3	-0.3	88.4	0	1	1.1
42	2001	349	2.1	4.7	0.3	82.3	0	0.7	1
42	2001	350	0.2	2.4	-1.6	96.4	0.2	0.8	1.5
42	2001	351	0.6	2.2	-0.7	79.7	0	1.4	1.2
42	2001	352	3.3	5.6	1.2	96.9	2	2.7	0.7
42	2001	353	2.3	6.4	-1.5	72.5	1.8	6.5	0.7
42	2001	354	1	5.5	-2.5	76	7.8	4.4	0.3
42	2001	355	0	3.9	-2.7	81.6	1.6	2.9	1.1
42	2001	356	-4.1	-2	-6.9	57.8	0.1	0.6	1.1
42	2001	357	1	5.1	-6.8	87.3	18.9	2.7	0.2
42	2001	358	2.6	5.5	0.4	90.1	5.5	2.9	0.4
42	2001	359	-0.6	1	-2	95.4	3.8	1.4	0.6
42	2001	360	-0.9	0.6	-2.9	82.5	2.2	0.5	1.2
42	2001	361	-5.4	-2.6	-7.4	82.6	2.2	0	0.9
42	2001	362	-4.5	-2.6	-6	45.6	0	1.1	0.4
42	2001	363	-3.4	-1.8	-6	49.6	0	0.9	0.7
42	2001	364	-5.8	-4.3	-8.5	62.9	1.2	0.9	1.1
42	2001	365	-4.3	-0.2	-8.3	83.6	1	0.7	0.9
42	2002	1	4.3	6.4	-0.2	94.4	12.6	7.3	0.2
42	2002	2	0.8	2.4	-0.6	78.9	0	1.3	0.6
42	2002	3	0.6	1.7	-0.5	76.2	0	1.3	0.9
42	2002	4	1.2	3.5	-0.1	77.7	0	1.1	1.7
42	2002	5	3.1	5.4	1.5	87.2	2.1	1.2	0.1
42	2002	6	4.2	5.6	-0.7	98.9	1.1	1.6	0.5
42	2002	7	2.8	4.8	-0.7	98.9	1	0.3	0.2
42	2002	8	4.9	5.4	4	99.3	1.8	0.5	0.3
42	2002	9	4.9	5.5	3.7	99	3	0.8	0.4
42	2002	10	3.9	4.6	2.9	98.8	0.4	1.1	0.2
42	2002	11	4.1	4.8	3.3	96.9	1	0.9	0.4
42	2002	12	5.1	6.3	3	96.4	1.4	1	0.2
42	2002	13	5.3	6	4.7	94.3	4.5	1.5	0.1
42	2002	14	5.9	6.5	5.4	97.6	5.9	1.4	0.4
42	2002	15	5.8	6.6	4.1	97.2	13.6	1.8	0.3
42	2002	16	5.4	6.3	3.4	97.7	5.2	2.7	0.7
42	2002	17	6.4	6.7	5.9	97.1	21.1	2.7	0.2
42	2002	18	4.5	6	2.2	95.4	2.6	1.6	1.8
42	2002	19	4.8	6.3	3.1	93.5	7.5	2.3	0.4
42	2002	20	5.6	6.5	4.3	93.7	22.5	2.4	0.2
42	2002	21	5	6.5	3.7	88.8	5.4	3.2	0.6
42	2002	22	6.5	7.5	5.5	95.8	29.2	4.2	0.4
42	2002	23	2.1	6.6	-0.4	80.9	4.3	2.9	1.3
42	2002	24	0.4	2.9	-1.7	85.6	6.3	2.7	0.5
42	2002	25	-1.8	0.1	-3.6	83.6	3.1	3.1	1.9
42	2002	26	-0.1	1.5	-2.3	78.7	5.4	2.7	1.1
42	2002	27	0.8	2.4	-0.2	92.8	3.7	0.6	1.4
42	2002	28	5.8	7.4	2.3	87	7.4	6.6	1.1
42	2002	29	2.8	4.7	-0.1	76.4	5.3	5.4	1.7
42	2002	30	2.9	7.1	-0.1	94.3	6.9	1.4	0.7
42	2002	31	5.2	6.3	4.3	95.1	0.1	1.6	1.9
42	2002	32	5.7	8	2.9	92.4	15	3.8	1.4
42	2002	33	7.7	8.4	6.8	92.9	0.5	4.3	0.8
42	2002	34	7	8.6	6.3	89.9	3.9	2.9	0.7
42	2002	35	4.8	7	2.4	90.6	6.4	2.8	2
42	2002	36	5.6	6.9	4.1	93.7	11.7	2.9	1.2
42	2002	37	4.2	5	2.5	94.5	15.8	0.8	0.7
42	2002	38	3.8	6	2.4	94.2	7.9	1.6	1.2
42	2002	39	5.9	6.9	4.5	94.6	1.7	3.6	1.9
42	2002	40	5.7	7.3	4.3	95.9	18.4	5.4	0.6
42	2002	41	3.8	5.3	1.1	95.6	6.8	2.8	1.8
42	2002	42	4.3	7.7	0.9	91.3	3.9	4.5	1.9
42	2002	43	3.6	5.5	1.9	88.3	0.2	2.8	4.6
42	2002	44	1.9	4.6	-0.9	77.3	0	1.3	5.9
42	2002	45	1.1	4.2	-2	71	0	1.2	3.1
42	2002	46	4.8	6.5	3.8	93.9	2.3	3.2	5.4
42	2002	47	4.8	6.3	2.6	97	0.1	2.1	1.3
42	2002	48	5	5.8	3.1	96.4	6.3	1.8	1.3
42	2002	49	2.3	3.5	-0.4	82.1	5.4	5.2	3.9
42	2002	50	-1.3	1.8	-4.9	81.7	2.5	2.5	3.8
42	2002	51	-1.9	0.7	-4.7	43.5	0	2.2	5.4
42	2002	52	-1	2.7	-5.3	64.6	8.9	2.4	3.9
42	2002	53	2.9	5	-0.2	90.5	25	5.9	2.5
42	2002	54	1.1	2.9	-1.3	77.4	1.2	4.1	5.8
42	2002	55	-1.5	0.3	-2.8	88.5	6.2	3.9	5.6
42	2002	56	0.1	3.2	-2.6	73.6	2	2.2	4.3
42	2002	57	2.1	3.8	-0.2	70.8	1.1	2.6	5.4
42	2002	58	2.1	4.7	0	92.1	6.7	1.5	6.4
42	2002	59	1.2	2.5	-1	83.8	1.9	2.2	4.9
42	2002	60	-0.3	3	-3.8	67.7	0.5	1.4	9.7
42	2002	61	-0.5	2.5	-3.2	72.5	2.6	4.4	7.6
42	2002	62	2.1	5.5	-3.4	88.5	8.9	3.3	3.2
42	2002	63	5.1	6.3	2.8	93.4	0.7	4.2	3.1
42	2002	64	4.5	6	2.5	86.4	1.1	5.6	3.6
42	2002	65	4.4	6.3	1.2	92.1	10.7	5.1	2.8
42	2002	66	2.9	5.2	0.4	81.1	0.3	4.2	8.7
42	2002	67	3.7	6.1	0.9	95.8	5.2	2.4	1.5
42	2002	68	2.8	4.6	0.3	89.6	4.8	5.3	7.3
42	2002	69	1.8	5.4	-0.3	91.8	5.2	2.1	5.6
42	2002	70	5	6.9	4	84.6	0	4.3	8.4
42	2002	71	4.7	6.6	3.5	89	0.4	5.2	6.8
42	2002	72	3.5	6.1	0.6	65.3	0.1	4.7	12.4
42	2002	73	1.9	5.7	-1.5	56.1	0	1.2	12.6
42	2002	74	3.9	8.6	-0.5	80	0	1.8	13
42	2002	75	3.4	4.4	2.5	70.2	0.3	2.9	3.3
42	2002	76	5.4	6.7	4	90.9	0.9	2.7	3.8
42	2002	77	5	6.3	3.7	96.1	7.8	1.2	1.6
42	2002	78	4	5.5	1.1	87	1.4	4.6	10.9
42	2002	79	3.4	5.2	1.6	72.8	0	7.2	12.3
42	2002	80	2.6	4.8	-0.2	81.8	0.7	4.4	11.1
42	2002	81	3.7	6.7	0.5	84.1	0.2	1.8	14
42	2002	82	3.2	7.2	0.8	67.8	0	1.4	14.1
42	2002	83	2.7	6.3	0.3	75.8	0	1.8	10.9
42	2002	84	3.1	4.5	1.5	95.3	6	2.1	2
42	2002	85	5.2	8.1	2.4	90.6	2.8	1.9	15.1
42	2002	86	4.4	7.8	0.8	95.8	0	1.4	7.8
42	2002	87	5.8	8.1	4	95.8	0	1.7	5.9
42	2002	88	3.8	6.5	1.2	87.8	0.1	1.1	8.6
42	2002	89	4.9	10.9	0.9	79.2	0	1.2	12.4
42	2002	90	7.4	12.3	2.4	77	0	1.5	8.9
42	2002	91	7.9	9.4	5.9	95.3	2.7	2.6	4.8
42	2002	92	9.8	12.2	7.1	86.1	3.6	3.1	4.7
42	2002	93	12.2	15.8	8.4	47.9	0.1	3.1	14.9
42	2002	94	10.1	14.9	6.5	49.2	0	1.8	17.3
42	2002	95	7	9.6	2.3	71.7	0.1	1.9	11.3
42	2002	96	5	9.3	1.3	91.6	0	2.5	15
42	2002	97	5.5	9.5	2	89.2	0.1	1.5	16.4
42	2002	98	5.4	8.7	2.4	81.1	0	1.6	15.8
42	2002	99	4.9	7.7	2.3	92.8	0.7	0.9	10.7
42	2002	100	5	8.4	1.3	68.4	0	1.1	17.1
42	2002	101	6.3	10.6	3.6	59.6	0	1.2	15.9
42	2002	102	5.7	9.1	2.9	69.3	0.1	2	15.2
42	2002	103	6.5	10.9	1.8	80	0	1.9	17.9
42	2002	104	6.6	8.3	5.6	91.7	5.5	0.9	2.5
42	2002	105	7.5	9.8	5.6	90.6	0	0.8	4.8
42	2002	106	7.7	11.9	2.2	67.7	0	1.7	15.4
42	2002	107	5.3	10.3	1.6	83.6	0	1.5	12.6
42	2002	108	6.5	9.6	5	95.3	0.3	0.8	4.3
42	2002	109	6.9	9.9	4.6	89.9	0	1.3	16.5
42	2002	110	6.4	9.5	3.8	86.9	0	1.3	12.8
42	2002	111	8.1	11.5	3.9	81	0.5	2	13.5
42	2002	112	8.2	9.8	6.9	95.9	13.1	2.8	3.6
42	2002	113	8	9.6	7.1	97.3	4.4	3.3	9.1
42	2002	114	9.2	13.2	6.5	93	2.4	2.8	13.5
42	2002	115	7.3	9.5	4.9	93.7	0.3	1.8	6.5
42	2002	116	5.4	8.4	3.2	91.7	6.1	2.3	7.3
42	2002	117	4.5	6.3	3	80.9	4.4	3.6	18.1
42	2002	118	6.4	10.5	2.4	74.2	1.8	2.6	18.8
42	2002	119	6.8	10.6	4.3	83.1	8.3	2.5	12.5
42	2002	120	6.1	8.5	4.1	93.9	20.4	3	5.6
42	2002	121	7	8.7	4.2	94.7	6.6	2	5.8
42	2002	122	8.2	11.8	4.7	84.3	0	1.3	17.2
42	2002	123	7.4	9.9	4.3	87.8	1	2.7	15.1
42	2002	124	6.4	10.4	2.8	77.2	0	3.7	25.8
42	2002	125	9.9	14.8	3.2	70.2	0	2.2	24.4
42	2002	126	13	17.2	9.9	49.1	0	2.2	23.9
42	2002	127	12.8	17.6	8.2	54.6	0	1.5	22.1
42	2002	128	12.2	15.6	8.7	63.7	0.1	1.7	18.1
42	2002	129	15.5	20.6	8.9	52.4	0	1.6	19.4
42	2002	130	18.1	21.7	15.4	36.3	0	3.7	23.8
42	2002	131	14.2	21.6	7	62.6	22.4	3.2	12.7
42	2002	132	8.3	11.3	6.2	81	3.8	2.8	25
42	2002	133	9.9	13.9	5	61.8	0	1.4	23
42	2002	134	11.7	15.9	9.1	70.6	2.5	2.8	6.3
42	2002	135	9.4	11	8.8	94.1	1.1	2.5	10.9
42	2002	136	9.5	12.1	8.2	90.4	0.6	2.7	17.4
42	2002	137	10.6	14.3	7.2	82.8	0	3.2	24.5
42	2002	138	11.1	14.1	7.2	84.8	0	1.4	27.7
42	2002	139	11.6	13.9	8.8	71.6	0.6	1.5	5.3
42	2002	140	13.4	17.6	8.7	75.7	0	1.7	21.6
42	2002	141	16	19	12.3	67.7	0	2.9	17.1
42	2002	142	17.4	22.1	12.3	59.9	8.5	3.2	15.3
42	2002	143	12.7	16.2	10	89.7	17.9	1	12.7
42	2002	144	11.9	15.8	9.3	83.4	3.9	1.9	18.5
42	2002	145	11	13.1	9.9	88.5	0.6	1.9	14.6
42	2002	146	12.2	16	9.1	75.1	2.6	1.7	18.4
42	2002	147	13.5	16.6	10.2	75	1.6	1.6	19.3
42	2002	148	13.1	16.2	9.9	84	0.5	0.8	15.9
42	2002	149	13.2	17.2	9.5	75.2	2.1	1.7	16.9
42	2002	150	11.4	13.9	9.1	88.1	0.1	2.1	22.3
42	2002	151	10.7	13.1	7.6	87.9	9.6	2.1	20
42	2002	152	12.1	15.1	8.3	78	0	1.7	28.6
42	2002	153	13.3	16.8	9.5	65.4	0	1.4	27
42	2002	154	17	20.9	11.4	48.5	0	2.6	25.5
42	2002	155	15.5	17.7	12.7	75	4.4	1.7	7.2
42	2002	156	19.9	24.1	13.6	47.4	3.4	2.2	27.3
42	2002	157	21.7	25.5	17	41.2	0.1	1.7	28.8
42	2002	158	18.8	24.4	14	56.5	0.1	1.8	29.1
42	2002	159	18.3	21.9	13.3	53.3	0	1.7	29.9
42	2002	160	18	22.5	13.3	57.4	0.4	1.6	22.3
42	2002	161	15.3	20.2	10.9	85.9	12.1	1.2	12
42	2002	162	12.3	14.4	9.8	91.4	4.4	1.3	12.2
42	2002	163	10.8	13.7	8.6	92.3	32.4	0.8	10.8
42	2002	164	11.5	14.4	8.5	81	5	2	23.7
42	2002	165	13.2	15.3	10.4	85.6	12.6	2.5	25
42	2002	166	12.9	14.8	11.4	95.6	3.8	2.2	5.9
42	2002	167	14.1	16.7	11.7	88.4	0	2	22.8
42	2002	168	15.2	18.2	13.2	92.2	3.7	1.4	8.9
42	2002	169	15.7	19.6	11.5	89.6	0.1	1.5	10.7
42	2002	170	13.8	15.8	12	87.1	0.6	3	19.8
42	2002	171	14	16.8	11.8	81.5	0.1	1.6	21
42	2002	172	13.9	16.6	10.7	82.1	3.1	1.5	24.3
42	2002	173	13.5	16	11.8	92.9	22.4	1.3	7.3
42	2002	174	12.6	13.7	11.6	92.6	10.8	4.9	11
42	2002	175	13	15.5	10.6	82.5	0	2.1	21.9
42	2002	176	12	13.7	10.4	91.3	2.7	2.7	8.3
42	2002	177	11.8	14.4	8.9	92.2	9.2	2.8	10
42	2002	178	11.1	13.7	8.6	82.6	3.7	2.6	26.7
42	2002	179	12.3	16	10.2	86.4	3.8	5.5	25.1
42	2002	180	11.2	13.7	9.5	86.1	11	3.4	20.9
42	2002	181	11.2	14	9.2	90.5	0.4	3.2	21.5
42	2002	182	12.3	16.8	8.8	85.9	2.5	0.8	15.7
42	2002	183	11.4	13.7	9.5	91.4	69.3	1.9	11.1
42	2002	184	13.1	16.1	9.4	84.5	0	1.5	25.4
42	2002	185	12.8	15.8	10.2	83.9	0	3.1	27.7
42	2002	186	12.1	14.3	10.2	80	0.2	2.2	21.3
42	2002	187	12.1	14.7	9.9	82	0.1	1.5	21.4
42	2002	188	12.5	16	10.3	90.3	14.6	1.7	12.1
42	2002	189	13.2	14.7	10.8	91.8	4.6	1.6	6.2
42	2002	190	16	19.2	13.8	95.1	12.2	1.1	4.8
42	2002	191	16.5	20.2	13.8	95.1	6.6	1.5	12.8
42	2002	192	13.6	16.6	11.1	93.9	42.1	2.8	13.5
42	2002	193	14.6	17.7	11.2	84.2	1	1.8	24.2
42	2002	194	15.3	18.6	12	83.4	0.2	1.1	16.7
42	2002	195	15.6	18.8	13.8	90.2	0	0.7	10.8
42	2002	196	15.4	18.4	12.7	86.5	0.1	0.9	20.8
42	2002	197	14.7	16.9	12.7	89.7	0.6	2	10.7
42	2002	198	14.2	16.4	12.7	81.3	0	5.2	20.3
42	2002	199	14.4	17	12.7	87.2	0	4.2	19.8
42	2002	200	14.2	16.5	12.6	92.3	0	3.7	16.1
42	2002	201	14.5	17.3	12.3	88.8	0	2.1	20.3
42	2002	202	15.2	18.2	13.7	92.9	5.6	2.4	9.8
42	2002	203	13	14.1	11.1	88.4	0.1	6	8.8
42	2002	204	12.6	14.8	11.1	89.5	2.6	3.3	12.9
42	2002	205	12.8	15.1	10.7	83.3	0.9	5	19.3
42	2002	206	13.2	15.4	11.3	87.6	0	2.7	20
42	2002	207	13.7	15.7	11.4	90.7	4.5	3	15.7
42	2002	208	14.4	17.7	10.2	85.9	0	1	10.9
42	2002	209	17.6	22.3	14.9	89.6	0	1.9	15
42	2002	210	17.1	20.9	13.3	85.9	0	1.3	19.5
42	2002	211	22.1	27.9	15.2	68.3	0	1.2	20.4
42	2002	212	23	28.1	19	66.8	0.5	1.4	18.7
42	2002	213	22.3	26.1	17.8	73	0	1.7	24.4
42	2002	214	21.8	24.9	18.5	76	0.8	1.1	8.3
42	2002	215	17.8	19.1	16.8	93.1	7.6	1	3
42	2002	216	17.9	20.6	16.8	93.8	2.5	0.9	5.7
42	2002	217	19.8	24.4	15.7	75.3	0	1.7	24.8
42	2002	218	19.7	24.4	15.3	70.8	0	1.3	19.6
42	2002	219	19	22.4	15.7	85.2	0	1.1	23.9
42	2002	220	19	22.3	15.5	76.6	0	1	21.2
42	2002	221	19	22	16.8	67.5	0.1	1.1	9.5
42	2002	222	19.7	23.9	16.2	76.3	0.4	1.2	12.7
42	2002	223	18.4	22.8	15.9	85.4	63.9	0.7	8.4
42	2002	224	17.2	20.5	14.8	91.9	1.3	2	14.3
42	2002	225	16.3	18.5	13.8	79.9	0.3	2.2	20.7
42	2002	226	17.2	20	14.5	91.1	0	1.1	13.5
42	2002	227	18.2	22.3	14.1	87.5	0	1	17.1
42	2002	228	18.4	20.9	16.3	89.7	1.6	0.7	12.7
42	2002	229	20.5	25	16.5	76.1	0	1	22.3
42	2002	230	22.2	25.8	19.1	65.3	0	1.7	21.2
42	2002	231	21.7	25.3	19.1	64.9	3	2.1	16.8
42	2002	232	20.9	24.7	17.8	82.5	0.6	1	11
42	2002	233	20.3	23.5	16.9	85.7	3	1.3	18.4
42	2002	234	21.3	26.7	15.7	57.8	0	1.5	20.6
42	2002	235	20.5	25.1	16.9	71.5	0.1	1.4	19.1
42	2002	236	19.7	23.1	16.3	64.6	0	1	7.5
42	2002	237	19.5	23.8	16.5	80.1	0	0.9	10.1
42	2002	238	19.3	23.2	15.2	79.7	0	1.2	18.6
42	2002	239	17.4	21.5	14.3	90.2	0	1.8	18.6
42	2002	240	15.3	17.3	12.7	79.5	0	1.8	15.4
42	2002	241	15.8	18.3	12.8	93.2	14.6	1.5	3.3
42	2002	242	15.2	17.3	13	86.2	8	1.5	7.5
42	2002	243	14.3	17.8	11.1	83.7	13.6	5.7	9.1
42	2002	244	13.7	16.2	11.4	81.6	0.1	3.4	15.7
42	2002	245	14.4	17.7	11.3	89.7	0	1.6	12.2
42	2002	246	15	18.1	12.2	85.3	0.1	0.8	17.1
42	2002	247	14.8	19.6	11	87.8	8.3	0.9	4.2
42	2002	248	14.9	16.8	13.4	91.9	12.1	1.7	8.5
42	2002	249	13.7	16.2	11.5	81.9	17	1.1	11.7
42	2002	250	14.3	17.2	12.1	84.9	5.2	1.4	13
42	2002	251	16.6	20.4	12.6	81.5	9.8	1.1	12.3
42	2002	252	20	24.2	17	60.5	0	1.5	17.2
42	2002	253	19.3	24.8	14.9	70.1	0	1.4	15.9
42	2002	254	18	23.5	14.3	74.5	0.1	1	17
42	2002	255	16.5	20.1	13.4	90.5	0	1.1	16.3
42	2002	256	15.6	18.2	13.5	93.3	0.1	3	12.4
42	2002	257	14.2	18.2	11.6	83.5	0	2.4	14.8
42	2002	258	13.2	16.9	9.6	81.4	0	1.4	11.7
42	2002	259	13.7	15.7	12.1	94.3	0	3.5	8.5
42	2002	260	12.9	14.5	11	89.7	0.3	3.3	8
42	2002	261	11.9	14.6	9.6	76.6	0	3.8	13.2
42	2002	262	11	13.7	9	94.4	4.7	1	6.7
42	2002	263	11.6	13.8	10	86.4	4.4	2.4	12
42	2002	264	10.9	13.7	8.8	84.9	1.4	1.7	11.3
42	2002	265	11	15.5	7.4	73.8	0	1.1	13.6
42	2002	266	10.2	12	8.5	76.6	0.4	1.2	6.9
42	2002	267	11.8	13.4	10.3	95.4	3.1	2.8	4.8
42	2002	268	11.8	13.1	10.6	97.9	4.2	2.3	4.3
42	2002	269	10.2	12	9.2	94	2.7	0.7	5.2
42	2002	270	11.2	13.7	9.2	95.9	3.1	1.1	4.1
42	2002	271	12.9	14.7	10.5	86.7	0.8	3.5	5.6
42	2002	272	13.3	15	12.1	88	0	2.5	5.4
42	2002	273	13.7	14.9	12.1	98.6	0.2	1.2	2.6
42	2002	274	13.4	16.1	11.2	94.9	0	0.5	5.3
42	2002	275	13.1	16.2	10.8	87.3	0.1	0.8	10.1
42	2002	276	11.8	13.6	9.7	94.2	5.1	2.1	3.2
42	2002	277	11.3	13.5	8.8	85.5	4.6	3.6	9.2
42	2002	278	9.3	11.1	7.7	92.6	19.7	0.9	2.7
42	2002	279	6.9	8.4	4.7	94.8	15.5	1.2	3.7
42	2002	280	6.2	9.9	3.6	58.6	1.3	1.3	8.4
42	2002	281	5.1	8.9	2.6	52.9	0	1.5	10.8
42	2002	282	6.1	9.3	4	58.8	0	1.5	10.7
42	2002	283	5.8	9.9	2.7	55.2	0	1.4	7.8
42	2002	284	4.9	8.6	2.6	56.4	0	2	10.1
42	2002	285	5.5	7.7	3.8	57.1	0	3	8.8
42	2002	286	6	7.9	5.1	58	0	2.5	4.3
42	2002	287	6.1	8.1	4.2	57.3	0.1	1.8	4.3
42	2002	288	4.8	7.5	3	62.4	0	0.8	5.1
42	2002	289	4.4	6.4	1.5	74.7	0	0.6	2.3
42	2002	290	3	6.6	-0.5	73.2	0.1	0.7	5.8
42	2002	291	1.6	5.2	-0.5	75.2	0	0.9	5.8
42	2002	292	0.9	4.4	-1.9	87.4	14.1	1	3.6
42	2002	293	2.3	6.3	0.3	95.7	7.1	0.5	6.5
42	2002	294	3.5	6.1	1.3	88.2	1.4	1	4.8
42	2002	295	4.8	7.1	2.6	63.1	0.5	3.3	1.2
42	2002	296	7.6	9.6	5.3	88.2	8.2	5.5	1.1
42	2002	297	5.7	7.3	2.3	76.1	4	5.5	3.6
42	2002	298	7.3	10.4	3.6	98.6	21.5	2.3	0.8
42	2002	299	7.2	8.4	5.3	81	7	7.3	2
42	2002	300	5.9	7.8	4.6	86.1	1.5	2.3	1.2
42	2002	301	6.5	8.3	3.7	81.7	8.2	5.8	3.7
42	2002	302	5.9	8.5	3.7	92.9	4.5	2	3.2
42	2002	303	5.4	9.2	1.7	93.8	3.3	0.6	5.9
42	2002	304	6.7	8.2	5.1	86.1	6.8	3.6	3.5
42	2002	305	4.3	6.9	2	86.3	0.2	1.2	1.6
42	2002	306	3.4	6.2	0.5	52	0	1.6	5.9
42	2002	307	3.1	4.4	1.7	58.2	0	4.4	2.1
42	2002	308	4.2	6	2.4	66.8	0.1	2.4	4.3
42	2002	309	5.5	7.4	4.2	85.7	2	2.1	0.9
42	2002	310	7.8	10	5.8	97.4	34	3	0.2
42	2002	311	5.9	8.2	3.6	96.6	2.6	0.6	2.3
42	2002	312	4	6.6	1.3	94.3	0.5	0.9	3.9
42	2002	313	2.2	4.4	-0.3	84.6	0	0.7	2.3
42	2002	314	0.8	2.1	-1	68.9	0	2.4	1.7
42	2002	315	0	1	-1.5	62	0.4	3.8	1.8
42	2002	316	2.9	5.1	0.9	80.6	4	3.2	3.4
42	2002	317	1.4	4	-0.7	97.5	11.1	1.1	1.5
42	2002	318	1.9	5.3	-0.8	86.9	2.7	1.6	0.6
42	2002	319	6.5	8.2	5.2	91.7	6.6	2.2	2.1
42	2002	320	6.4	7.5	5.4	93.8	0	2.2	0.7
42	2002	321	5.2	6.1	2.5	94.6	3.5	1	0.5
42	2002	322	2.4	5.3	-0.3	98.1	0.2	0.6	3
42	2002	323	0.2	3.4	-2.3	68.7	0	0.7	3.5
42	2002	324	-2.1	1.2	-4.5	66.5	0	0.8	3.2
42	2002	325	0.5	3	-3.3	70.5	0.7	1.8	2.8
42	2002	326	2.4	3.1	1.1	67.3	2.1	3.6	0.6
42	2002	327	2.6	3.8	1.3	69.5	0.3	2.3	0.3
42	2002	328	3.5	4.9	1.7	67.8	0.5	2	1.1
42	2002	329	4.2	6.2	1.1	94.9	2.6	1.9	1.1
42	2002	330	2.4	4	0	96	0	0.7	1.7
42	2002	331	5.8	7.3	2.9	95.2	0	2.1	1
42	2002	332	5.5	6.6	3.7	81.1	0.2	3.8	1
42	2002	333	4.7	5.7	3.4	67	0	3.2	1
42	2002	334	1.9	3.6	1.1	58.5	0	2	0.6
42	2002	335	1.8	2.7	0.8	65.3	0	4.9	1.3
42	2002	336	3.9	5.6	2.2	65.5	0	4.8	0.4
42	2002	337	5.1	5.8	4.6	77.1	0	2.6	0.8
42	2002	338	4.4	5.1	4	77	0	3.4	0.8
42	2002	339	3.3	4.4	1.4	63	0	1	0.5
42	2002	340	0.4	2	-1.6	68.1	0	0.9	1.6
42	2002	341	-1.6	-0.6	-3.2	63.2	0.1	0.9	1.6
42	2002	342	-2.1	-0.1	-4.7	72.7	0	1	1.2
42	2002	343	-3.5	-1.4	-5.8	81	0	0.9	1.5
42	2002	344	-2.3	0.1	-4.8	75.3	0	1.2	1.3
42	2002	345	-1.1	0.2	-3.3	93.5	0	0.6	0.8
42	2002	346	-2.7	-0.4	-5.9	91.7	0.1	1.1	1.1
42	2002	347	-2.5	-0.3	-6.1	82.2	0	0.7	1.3
42	2002	348	0.1	2	-2.6	85.4	0.1	1.3	0.5
42	2002	349	0.8	1.8	-0.7	69.6	0	2.2	1
42	2002	350	-2.7	-0.7	-4.8	68.1	0.1	1.3	0.9
42	2002	351	-1.6	5.5	-5.9	76.1	1.8	1.5	0.9
42	2002	352	1.9	5.6	-1.3	95.2	0.5	1.7	0.9
42	2002	353	3.5	5.3	-1.2	94.4	1	1.4	0.6
42	2002	354	3.7	5.5	-0.1	98.4	1.7	2.6	0.3
42	2002	355	-1.1	0.7	-4.4	96.9	0.1	0.9	1.4
42	2002	356	-1.6	-1	-3.2	51.7	0	2.6	0.7
42	2002	357	-0.5	0.5	-2.3	56.1	0	4.3	0.8
42	2002	358	1	1.5	0.4	60.8	0	5.8	0.5
42	2002	359	3.3	5.4	0.8	73.2	0.1	3.1	0.9
42	2002	360	6.1	7.1	4.9	88.7	0	2.5	0.8
42	2002	361	4.6	6.3	2.9	76.7	0.7	4.7	0.5
42	2002	362	3.3	4.6	0.9	69	0	2	0.3
42	2002	363	-0.5	1	-2	97.6	1.3	0.3	0.2
42	2002	364	-3.4	-1.9	-5.6	85.7	1.2	1.2	0.3
42	2002	365	-4.8	0.7	-8.4	76.6	1.5	1.7	0.9
