RES	2001	115	0.161
RES	2001	130	0.1
RES	2001	141	0.154
RES	2001	150	0.118
RES	2001	164	0.209
RES	2001	177	0.218
RES	2001	186	0.201
RES	2001	197	0.158
RES	2001	211	0.083
RES	2001	225	0.125
RES	2001	239	0.129
RES	2002	119	0.132
RES	2002	128	0.135
RES	2002	135	0.092
RES	2002	143	0.074
RES	2002	150	0.082
RES	2002	162	0.096
RES	2002	169	0.132
RES	2002	178	0.194
RES	2002	186	0.165
RES	2002	196	0.076
RES	2002	203	0.077
RES	2002	210	0.096
RES	2002	224	0.079
RES	2002	238	0.143
DM	2001	115	36.2
DM	2001	130	135.1
DM	2001	141	257.31
DM	2001	150	553.3
DM	2001	164	702.21
DM	2001	176	1237.41
DM	2001	186	1270.12
DM	2001	192	94.95
DM	2001	197	75.76
DM	2001	211	233.28
DM	2001	225	354.65
DM	2001	239	373.57
DM	2002	109	20
DM	2002	119	83.38
DM	2002	128	153.62
DM	2002	135	280.3
DM	2002	143	470.72
DM	2002	150	567.67
DM	2002	162	762.13
DM	2002	169	757.33
DM	2002	178	813.86
DM	2002	186	39.05
DM	2002	196	118.58
DM	2002	203	190.29
DM	2002	210	255.39
DM	2002	224	470.2
DM	2002	238	559.51
LAI	2001	116	0.4
LAI	2001	130	1.69
LAI	2001	141	4.32
LAI	2001	150	6.33
LAI	2001	164	5.35
LAI	2001	176	5.52
LAI	2001	186	4.23
LAI	2001	192	1.13
LAI	2001	211	4.07
LAI	2001	225	4.3
LAI	2001	239	3.12
LAI	2002	109	0.23
LAI	2002	119	1.29
LAI	2002	128	2.22
LAI	2002	135	4.16
LAI	2002	143	8.28
LAI	2002	150	10.42
LAI	2002	162	4.1
LAI	2002	169	2.87
LAI	2002	178	2.29
LAI	2002	186	1.02
LAI	2002	196	3.24
LAI	2002	203	5.05
LAI	2002	210	4.83
LAI	2002	224	4.77
LAI	2002	238	3.4
LERG	2001	122	0.0074
LERG	2001	131	0.0137
LERG	2001	138	0.014
LERG	2001	146	0.0151
LERG	2001	155	0.0152
LERG	2001	166	0.0042
LERG	2001	175	0.0086
LERG	2001	202	0.0173
LERG	2001	209	0.0184
LERG	2001	216	0.0103
LERG	2001	223	0.0142
LERG	2001	229	0.0134
LERG	2001	236	0.0131
LERG	2002	112	0.0037
LERG	2002	120	0.0055
LERG	2002	127	0.0163
LERG	2002	137	0.0262
LERG	2002	148	0.0117
LERG	2002	155	0.0053
LERG	2002	189	0.0133
LERG	2002	196	0.02
LERG	2002	203	0.0162
LERG	2002	210	0.0139
LERG	2002	218	0.0097
LERG	2002	225	0.0108
LERG	2002	232	0.0056
NELLVG	2001	122	2.14
NELLVG	2001	131	2.67
NELLVG	2001	138	2.17
NELLVG	2001	146	1.4
NELLVG	2001	155	1.56
NELLVG	2001	166	0.33
NELLVG	2001	175	0.19
NELLVG	2001	202	3.61
NELLVG	2001	209	1.94
NELLVG	2001	216	1.75
NELLVG	2001	223	0.94
NELLVG	2001	229	0.52
NELLVG	2001	236	0.53
NELLVG	2002	112	2.01
NELLVG	2002	120	2.6
NELLVG	2002	127	2.31
NELLVG	2002	137	1.44
NELLVG	2002	148	1.47
NELLVG	2002	155	0.13
NELLVG	2002	189	3.37
NELLVG	2002	196	2.72
NELLVG	2002	203	3.05
NELLVG	2002	210	2.51
NELLVG	2002	218	1.24
NELLVG	2002	225	0.8
NELLVG	2002	232	0.33
RLEAF	2001	122	0.186
RLEAF	2001	131	0.159
RLEAF	2001	138	0.143
RLEAF	2001	146	0.15
RLEAF	2001	155	0.15
RLEAF	2001	166	0.064
RLEAF	2001	175	0.037
RLEAF	2001	188	0.186
RLEAF	2001	196	0.056
RLEAF	2001	202	0.174
RLEAF	2001	210	0.16
RLEAF	2001	216	0.08
RLEAF	2001	223	0.054
RLEAF	2001	229	0.09
RLEAF	2001	236	0.094
RLEAF	2002	112	0.049
RLEAF	2002	120	0.111
RLEAF	2002	127	0.19
RLEAF	2002	137	0.165
RLEAF	2002	148	0.234
RLEAF	2002	155	0.008
RLEAF	2002	189	0.222
RLEAF	2002	195	0.208
RLEAF	2002	203	0.204
RLEAF	2002	210	0.281
RLEAF	2002	218	0.135
RLEAF	2002	225	0.038
RLEAF	2002	232	0.01
SLA	2001	116	0.0163
SLA	2001	130	0.0173
SLA	2001	141	0.0263
SLA	2001	150	0.0257
SLA	2001	164	0.021
SLA	2001	176	0.0247
SLA	2001	186	0.0227
SLA	2001	192	0.022
SLA	2001	211	0.0267
SLA	2001	225	0.0247
SLA	2001	239	0.025
SLA	2002	109	0.015
SLA	2002	119	0.0183
SLA	2002	128	0.018
SLA	2002	135	0.026
SLA	2002	143	0.0327
SLA	2002	150	0.0363
SLA	2002	162	0.02
SLA	2002	169	0.0207
SLA	2002	178	0.0227
SLA	2002	186	0.029
SLA	2002	196	0.0293
SLA	2002	203	0.039
SLA	2002	210	0.0307
SLA	2002	224	0.0267
SLA	2002	238	0.023
TILTOT	2001	122	2067
TILTOT	2001	130	2258
TILTOT	2001	138	2608
TILTOT	2001	149	2342
TILTOT	2001	165	2075
TILTOT	2001	180	2483
TILTOT	2001	193	2100
TILTOT	2001	201	3042
TILTOT	2001	208	3917
TILTOT	2001	215	4433
TILTOT	2001	222	4175
TILTOT	2001	229	2775
TILTOT	2001	236	2733
TILTOT	2001	247	2575
TILTOT	2002	108	2117
TILTOT	2002	122	2158
TILTOT	2002	133	2542
TILTOT	2002	144	2050
TILTOT	2002	152	2450
TILTOT	2002	165	1592
TILTOT	2002	171	1725
TILTOT	2002	178	2583
TILTOT	2002	180	1425
TILTOT	2002	185	1600
TILTOT	2002	192	3225
TILTOT	2002	199	4725
TILTOT	2002	206	3858
TILTOT	2002	223	2458
TILTOT	2002	238	1692
FRTILG	2001	185	0.8
FRTILG	2002	177	0.8




